2026-05-18
weekly hard
1 0 0 1 0 0 1 0 1 0 1 0 1 0 1 0 1 1 0 0 1 0 1 1 0 0 1 1 0 1 
0 1 0 0 1 0 1 0 0 1 0 1 0 1 0 1 1 0 0 1 0 1 1 0 1 1 0 0 1 1 
1 0 1 0 0 1 0 1 0 1 0 1 1 0 1 1 0 0 1 0 1 1 0 0 1 0 1 1 0 0 
1 0 0 1 1 0 0 1 1 0 1 0 0 1 1 0 0 1 0 0 1 0 1 1 0 1 0 0 1 1 
0 1 1 0 0 1 1 0 0 1 0 1 0 1 0 0 1 1 0 1 0 1 0 1 0 1 0 1 1 0 
1 0 1 1 0 0 1 0 1 0 1 0 1 0 0 1 1 0 1 0 1 1 0 0 1 0 1 0 0 1 
1 0 0 1 1 0 0 1 0 1 0 1 0 0 1 1 0 1 0 1 1 0 1 0 1 0 1 0 1 0 
0 1 1 0 0 1 0 1 1 0 1 0 0 1 1 0 0 1 1 0 0 1 0 1 0 1 0 1 0 1 
1 0 0 1 1 0 1 0 0 1 0 1 1 0 0 1 1 0 1 1 0 0 1 1 0 0 1 0 1 0 
0 1 0 1 0 1 1 0 1 0 1 0 1 1 0 1 0 1 0 0 1 0 1 0 1 0 1 1 0 0 
0 1 1 0 1 0 0 1 1 0 1 1 0 0 1 0 1 0 1 0 0 1 0 0 1 1 0 0 1 1 
1 0 0 1 1 0 1 1 0 1 0 0 1 1 0 1 0 1 0 1 0 1 0 1 0 1 0 1 0 0 
1 1 0 1 0 1 0 0 1 0 1 0 0 1 0 1 1 0 1 0 1 0 1 0 1 0 1 0 0 1 
0 1 1 0 1 1 0 1 0 0 1 1 0 0 1 0 0 1 1 0 1 0 1 0 1 1 0 0 1 0 
1 0 1 0 1 0 1 0 1 1 0 1 1 0 1 0 0 1 0 1 0 1 0 1 0 0 1 1 0 0 
1 1 0 1 0 1 0 0 1 0 1 0 1 1 0 1 1 0 0 1 0 0 1 0 0 1 1 0 0 1 
0 0 1 1 0 0 1 1 0 1 0 1 0 0 1 0 0 1 1 0 1 1 0 1 1 0 0 1 1 0 
0 0 1 0 1 0 1 1 0 1 0 1 0 1 0 1 0 1 0 1 0 0 1 0 1 0 1 0 1 1 
1 1 0 1 0 1 0 0 1 0 1 0 1 0 1 0 1 0 1 0 1 0 0 1 0 1 0 1 0 1 
0 0 1 1 0 1 0 1 0 1 0 0 1 1 0 1 0 0 1 1 0 1 1 0 0 1 1 0 1 0 
0 0 1 0 1 0 1 0 1 1 0 1 0 1 0 0 1 1 0 1 0 1 0 1 1 0 0 1 1 0 
1 1 0 0 1 1 0 1 0 0 1 1 0 0 1 0 1 0 1 0 1 0 0 1 0 0 1 1 0 1 
0 1 0 1 0 1 1 0 0 1 0 0 1 1 0 1 0 0 1 1 0 1 1 0 0 1 1 0 1 0 
0 0 1 1 0 0 1 0 1 0 1 0 1 0 1 1 0 1 0 0 1 1 0 1 1 0 0 1 0 1 
1 1 0 0 1 0 0 1 0 1 0 1 0 0 1 0 1 0 1 1 0 0 1 0 1 1 0 0 1 1 
0 1 0 0 1 1 0 1 1 0 0 1 0 1 0 0 1 0 1 1 0 1 0 1 0 1 1 0 1 0 
1 0 1 1 0 1 1 0 0 1 1 0 1 0 1 1 0 1 0 0 1 0 1 0 1 0 0 1 0 0 
1 0 1 0 1 0 0 1 0 1 0 1 0 1 0 1 0 1 0 0 1 1 0 1 0 1 1 0 0 1 
0 1 0 0 1 1 0 1 1 0 1 0 1 1 0 0 1 0 1 1 0 0 1 0 1 0 0 1 1 0 
0 1 1 0 0 1 1 0 1 0 1 0 1 0 1 0 1 0 0 1 1 0 0 1 0 1 0 1 0 1 
Time: 897.4342 seconds (14.9572 minutes)
Fitness: -19.0000
