2026-05-11
weekly hard
-1 -1 1 0 1 -1 -1 -1 0 1 1 0 1 0 -1 1 -1 -1 -1 0 1 1 0 -1 -1 1 0 1 0 -1 
-1 0 -1 1 0 1 0 1 0 0 1 -1 -1 1 0 0 1 0 1 -1 -1 0 1 0 -1 1 0 0 1 -1 
-1 -1 0 1 0 -1 -1 0 1 0 0 1 0 1 1 0 0 1 -1 -1 0 1 0 1 -1 0 1 0 1 -1 
-1 -1 -1 0 1 -1 -1 1 0 1 -1 -1 -1 0 1 1 0 1 0 1 1 0 -1 1 -1 0 1 1 0 -1 
-1 -1 -1 -1 1 0 -1 -1 -1 1 -1 -1 -1 -1 0 -1 1 0 1 0 1 0 1 0 0 1 0 1 0 -1 
-1 -1 -1 1 0 1 -1 -1 1 0 0 1 0 1 1 0 -1 1 0 1 0 1 0 1 1 0 1 0 1 -1 
-1 0 -1 -1 1 0 0 1 0 -1 -1 -1 -1 -1 0 1 0 -1 -1 0 -1 -1 -1 1 0 1 0 1 1 0 
-1 -1 -1 0 -1 1 -1 0 -1 -1 -1 -1 1 0 1 0 1 -1 -1 0 -1 -1 1 0 1 0 1 1 0 1 
-1 -1 -1 1 -1 0 -1 1 -1 -1 0 1 -1 -1 0 -1 -1 0 -1 1 -1 -1 -1 0 1 1 0 0 1 0 
-1 1 0 1 1 0 -1 -1 -1 -1 -1 0 -1 -1 -1 1 -1 -1 -1 1 -1 -1 -1 1 0 1 0 0 1 1 
0 -1 1 0 0 1 1 0 1 0 1 0 -1 -1 -1 -1 0 1 1 0 1 0 0 1 1 0 1 1 0 0 
-1 -1 0 -1 1 0 0 1 0 -1 -1 1 -1 -1 1 0 -1 -1 -1 0 -1 -1 1 0 -1 -1 -1 0 1 1 
1 0 1 -1 0 1 0 1 0 1 0 -1 1 0 0 1 -1 -1 -1 1 -1 -1 0 1 -1 -1 -1 1 -1 0 
0 1 1 0 0 1 1 0 1 -1 -1 0 -1 -1 0 1 0 0 1 0 0 1 -1 0 -1 -1 -1 0 -1 -1 
-1 -1 0 1 1 0 0 1 0 -1 -1 1 -1 -1 1 0 1 1 0 1 -1 -1 -1 1 -1 -1 1 0 -1 1 
-1 -1 -1 0 1 1 0 -1 1 0 -1 1 0 0 1 1 0 0 1 0 1 0 -1 1 -1 -1 -1 1 -1 0 
-1 -1 -1 1 0 0 1 -1 0 -1 1 0 -1 1 0 0 1 0 1 1 0 -1 -1 0 1 1 0 0 1 1 
-1 -1 1 0 1 0 -1 -1 0 -1 -1 -1 1 0 1 1 0 1 0 0 1 -1 -1 1 0 0 1 1 0 -1 
1 0 0 1 0 1 0 1 1 0 -1 1 0 1 0 1 -1 0 -1 1 0 1 0 0 1 -1 0 1 -1 -1 
0 1 1 0 0 1 1 0 -1 1 -1 0 -1 1 -1 0 -1 -1 1 0 1 0 -1 -1 0 -1 1 0 1 1 
1 0 0 1 1 0 0 1 0 1 0 0 1 0 1 0 1 1 0 1 0 1 -1 -1 1 0 1 1 0 0 
0 1 1 0 0 1 -1 -1 1 0 1 1 0 1 0 1 0 0 1 1 0 1 0 -1 -1 1 0 1 0 0 
-1 1 0 0 1 0 1 -1 -1 0 1 0 -1 1 0 0 1 -1 -1 0 1 0 -1 1 0 1 0 0 1 1 
-1 0 1 1 0 -1 -1 1 0 1 0 0 1 0 1 1 0 1 0 1 1 0 -1 -1 -1 0 1 0 -1 1 
0 1 0 1 0 1 0 -1 1 0 -1 1 0 0 1 0 1 0 -1 1 0 1 -1 -1 -1 0 1 1 0 0 
1 0 1 0 1 0 1 0 0 1 1 0 1 1 0 1 0 1 1 0 0 1 -1 0 -1 1 0 0 1 0 
1 -1 -1 -1 1 -1 -1 1 0 1 0 1 0 0 1 1 0 -1 -1 -1 1 0 1 -1 -1 -1 1 0 0 1 
0 1 0 1 0 -1 -1 0 1 0 1 -1 0 1 0 0 1 -1 -1 -1 -1 1 -1 -1 1 0 0 1 1 0 
1 0 -1 -1 1 -1 -1 1 0 0 1 0 1 -1 0 1 0 -1 -1 -1 -1 1 -1 0 -1 1 0 1 0 1 
0 -1 1 0 0 1 1 0 -1 1 0 -1 -1 -1 1 -1 -1 -1 -1 0 1 0 -1 -1 -1 0 1 0 0 1 
Time: 0.1797 seconds (0.0030 minutes)
Fitness: -800.0000
