2026-04-25
daily 
-1 -1 -1 -1 -1 -1 -1 -1 0 0 -1 -1 -1 1 -1 -1 1 -1 -1 -1 -1 -1 0 -1 
-1 -1 0 -1 1 -1 0 -1 -1 1 -1 0 -1 -1 0 -1 -1 0 -1 0 -1 1 -1 1 
-1 0 0 -1 -1 -1 -1 -1 -1 -1 -1 -1 -1 -1 0 -1 0 0 -1 -1 -1 -1 -1 -1 
1 -1 -1 -1 -1 -1 -1 -1 -1 -1 -1 -1 0 -1 -1 -1 -1 -1 -1 -1 0 -1 -1 -1 
-1 -1 0 -1 -1 0 -1 -1 -1 0 -1 -1 0 1 -1 0 -1 -1 -1 -1 0 -1 0 0 
-1 1 -1 1 -1 -1 -1 -1 -1 0 -1 -1 -1 -1 -1 -1 -1 -1 -1 -1 -1 -1 0 0 
-1 -1 -1 -1 0 -1 -1 1 -1 -1 -1 -1 -1 0 -1 -1 -1 1 -1 -1 -1 -1 -1 -1 
-1 -1 -1 1 0 -1 -1 -1 1 -1 -1 -1 -1 -1 -1 0 -1 -1 -1 0 -1 -1 -1 -1 
-1 -1 -1 -1 -1 -1 -1 0 -1 -1 -1 0 -1 1 -1 0 0 -1 -1 -1 -1 -1 -1 -1 
1 -1 1 -1 -1 1 -1 -1 -1 -1 -1 -1 -1 -1 -1 -1 -1 -1 -1 -1 -1 -1 0 1 
-1 -1 1 -1 -1 -1 -1 -1 0 0 -1 -1 -1 1 -1 -1 -1 -1 1 -1 -1 -1 -1 -1 
-1 -1 -1 -1 -1 -1 -1 1 -1 -1 -1 1 1 -1 0 -1 -1 0 -1 -1 -1 0 -1 0 
-1 -1 -1 -1 0 -1 -1 -1 -1 -1 -1 -1 -1 -1 -1 -1 1 0 -1 -1 -1 -1 -1 -1 
-1 -1 1 -1 -1 1 -1 -1 -1 -1 0 0 -1 -1 0 -1 -1 -1 -1 0 -1 -1 1 -1 
-1 -1 -1 -1 0 -1 -1 0 0 -1 -1 -1 -1 -1 -1 -1 1 -1 -1 0 1 -1 -1 -1 
-1 1 -1 -1 -1 1 -1 -1 -1 -1 -1 1 -1 1 -1 -1 -1 -1 -1 -1 -1 -1 -1 -1 
-1 1 -1 -1 0 -1 -1 -1 -1 -1 -1 -1 -1 -1 1 -1 -1 -1 0 -1 1 0 -1 -1 
-1 -1 -1 -1 -1 -1 0 -1 1 -1 -1 -1 0 -1 -1 -1 0 -1 -1 -1 -1 0 -1 -1 
1 -1 -1 1 -1 1 -1 1 -1 -1 -1 0 0 -1 0 -1 -1 -1 -1 -1 -1 -1 -1 0 
-1 -1 -1 -1 -1 1 -1 -1 -1 -1 -1 -1 -1 -1 0 -1 -1 -1 -1 -1 -1 1 -1 0 
-1 -1 -1 -1 -1 -1 -1 0 -1 0 -1 0 0 -1 -1 -1 -1 -1 1 -1 -1 -1 -1 -1 
-1 -1 1 1 -1 -1 -1 -1 -1 -1 1 -1 -1 -1 -1 -1 -1 -1 -1 -1 1 -1 -1 -1 
-1 1 -1 -1 -1 -1 -1 -1 -1 0 -1 -1 0 -1 -1 -1 -1 1 1 -1 1 -1 -1 1 
-1 -1 -1 1 1 -1 0 -1 -1 0 -1 -1 -1 -1 -1 -1 1 1 -1 -1 -1 -1 -1 -1 
