2026-04-23
daily 
-1 -1 1 -1 1 -1 1 -1 0 -1 1 -1 -1 1 0 -1 0 -1 -1 -1 1 -1 0 -1 
1 1 -1 -1 -1 -1 -1 1 0 -1 -1 -1 -1 -1 0 -1 -1 -1 -1 -1 -1 -1 -1 -1 
-1 -1 -1 -1 -1 -1 -1 -1 -1 1 -1 -1 -1 1 -1 -1 -1 1 -1 1 1 -1 -1 1 
-1 -1 0 -1 -1 1 -1 -1 -1 -1 -1 -1 -1 -1 -1 1 -1 1 -1 -1 1 -1 -1 1 
-1 0 -1 0 -1 -1 -1 -1 1 -1 -1 -1 -1 0 -1 1 1 -1 1 -1 -1 -1 -1 -1 
1 -1 -1 -1 -1 1 -1 -1 -1 -1 -1 0 -1 -1 -1 -1 -1 1 -1 -1 -1 -1 -1 1 
-1 -1 -1 -1 -1 -1 -1 1 -1 0 -1 -1 1 -1 -1 1 -1 -1 1 -1 -1 -1 -1 1 
-1 -1 -1 -1 1 -1 1 -1 -1 -1 -1 1 -1 -1 -1 -1 0 -1 1 1 -1 0 -1 -1 
0 -1 -1 -1 -1 -1 -1 0 -1 -1 1 1 -1 -1 0 -1 -1 -1 -1 1 1 -1 -1 -1 
-1 -1 -1 -1 -1 -1 -1 -1 -1 -1 -1 -1 -1 -1 -1 -1 -1 -1 -1 -1 -1 -1 0 -1 
-1 -1 -1 1 -1 -1 -1 -1 -1 -1 -1 -1 -1 -1 -1 1 -1 -1 0 -1 -1 -1 1 -1 
1 -1 -1 -1 -1 -1 -1 -1 1 0 -1 0 -1 -1 -1 -1 0 -1 -1 -1 1 -1 -1 -1 
1 0 -1 -1 -1 -1 -1 -1 1 -1 -1 0 -1 -1 -1 -1 -1 1 1 -1 -1 -1 0 -1 
-1 -1 -1 -1 1 -1 1 -1 -1 0 -1 -1 -1 -1 -1 -1 -1 -1 1 -1 -1 -1 -1 -1 
-1 -1 -1 0 -1 -1 -1 -1 0 -1 1 -1 -1 0 -1 -1 -1 1 -1 -1 -1 -1 -1 -1 
-1 0 -1 -1 1 -1 -1 -1 -1 -1 -1 0 -1 -1 -1 1 -1 -1 -1 -1 -1 -1 -1 -1 
1 1 -1 -1 -1 -1 1 1 -1 -1 -1 -1 -1 -1 -1 -1 -1 -1 1 -1 -1 -1 -1 -1 
-1 -1 -1 1 -1 -1 -1 -1 -1 1 -1 -1 0 -1 -1 -1 0 -1 0 -1 -1 0 -1 -1 
-1 -1 1 1 -1 -1 -1 -1 -1 -1 -1 0 -1 1 1 -1 -1 -1 -1 -1 0 -1 -1 0 
-1 -1 -1 -1 -1 -1 0 -1 -1 1 -1 -1 -1 -1 1 -1 0 -1 1 -1 -1 1 -1 -1 
-1 -1 -1 1 -1 -1 0 0 -1 -1 -1 -1 -1 0 -1 -1 -1 -1 -1 -1 -1 1 0 -1 
-1 -1 0 -1 -1 -1 -1 -1 -1 -1 1 -1 -1 -1 -1 0 -1 -1 1 -1 -1 -1 -1 1 
-1 -1 -1 -1 1 -1 -1 -1 -1 0 -1 -1 1 -1 -1 -1 1 1 -1 -1 1 -1 -1 -1 
1 -1 -1 -1 1 0 -1 1 -1 -1 1 -1 -1 0 -1 -1 -1 -1 -1 -1 -1 0 0 -1 
