3,655,406
14 hard
0 -1 -1 -1 -1 0 0 -1 -1 0 1 -1 -1 -1 
1 -1 -1 -1 -1 -1 -1 -1 -1 -1 -1 1 -1 1 
-1 0 -1 -1 -1 -1 -1 -1 -1 0 -1 -1 -1 1 
-1 -1 0 -1 -1 -1 -1 -1 1 -1 -1 -1 0 -1 
-1 -1 -1 -1 -1 -1 1 -1 -1 -1 1 -1 0 1 
-1 -1 -1 -1 -1 -1 -1 -1 1 -1 -1 0 -1 -1 
-1 -1 0 0 -1 -1 -1 -1 -1 -1 -1 -1 -1 1 
-1 -1 -1 -1 1 -1 1 1 -1 -1 -1 -1 -1 -1 
1 -1 1 -1 -1 -1 -1 0 0 -1 -1 -1 -1 -1 
-1 -1 -1 1 -1 0 -1 -1 -1 -1 -1 -1 -1 0 
-1 -1 -1 -1 -1 -1 1 -1 -1 0 -1 -1 -1 0 
-1 1 -1 1 -1 -1 -1 -1 1 -1 -1 -1 -1 -1 
-1 1 -1 -1 -1 1 -1 -1 1 -1 1 -1 -1 1 
-1 -1 0 -1 -1 -1 -1 0 -1 -1 -1 0 -1 -1 
