4,494,427
14 hard
-1 -1 -1 -1 1 1 -1 -1 0 -1 1 -1 1 -1 
0 -1 -1 0 0 -1 1 -1 0 -1 -1 0 -1 -1 
-1 -1 -1 -1 -1 -1 -1 0 -1 -1 -1 -1 -1 1 
1 -1 -1 1 -1 -1 -1 -1 -1 0 -1 1 -1 -1 
-1 0 -1 -1 -1 -1 -1 0 -1 -1 -1 -1 -1 -1 
-1 -1 -1 -1 1 -1 1 -1 -1 -1 -1 -1 1 1 
-1 0 -1 -1 -1 -1 -1 -1 -1 -1 -1 -1 1 -1 
1 -1 -1 1 -1 -1 -1 -1 -1 1 -1 -1 -1 -1 
-1 -1 -1 -1 -1 -1 -1 0 -1 -1 -1 1 -1 1 
-1 -1 -1 1 -1 -1 -1 -1 1 -1 -1 -1 -1 -1 
-1 -1 0 -1 -1 -1 -1 -1 -1 -1 -1 -1 -1 -1 
-1 0 0 -1 -1 -1 -1 -1 -1 0 -1 -1 1 -1 
-1 -1 -1 -1 -1 -1 1 -1 0 -1 1 -1 -1 -1 
-1 0 -1 -1 -1 -1 -1 -1 -1 -1 -1 -1 -1 1 
