5,175,783
14 hard
-1 -1 -1 -1 1 -1 1 -1 -1 1 1 -1 -1 -1 
-1 -1 -1 -1 1 -1 0 -1 0 -1 -1 -1 -1 1 
1 -1 0 -1 -1 -1 -1 -1 -1 -1 -1 -1 -1 -1 
-1 -1 -1 1 -1 -1 -1 -1 -1 -1 0 -1 -1 -1 
-1 -1 -1 -1 -1 -1 1 -1 1 -1 -1 -1 -1 1 
-1 -1 -1 -1 -1 0 -1 -1 0 0 -1 -1 -1 -1 
1 -1 1 -1 1 -1 -1 -1 -1 -1 -1 -1 1 -1 
-1 0 -1 -1 -1 0 -1 -1 -1 -1 1 -1 -1 -1 
1 -1 -1 -1 1 -1 -1 -1 -1 -1 -1 0 -1 1 
-1 -1 0 -1 -1 -1 -1 -1 -1 1 -1 -1 -1 -1 
-1 -1 -1 1 -1 -1 -1 -1 0 -1 -1 -1 -1 -1 
-1 -1 0 -1 -1 0 -1 -1 -1 -1 0 -1 -1 0 
-1 -1 -1 -1 0 -1 1 -1 -1 1 -1 -1 0 -1 
1 1 -1 0 -1 -1 -1 1 -1 -1 1 1 -1 -1 
