6,907,148
14 hard
-1 0 -1 -1 0 -1 1 -1 -1 -1 1 -1 -1 -1 
-1 1 -1 -1 -1 -1 1 -1 -1 0 -1 -1 1 -1 
0 -1 -1 -1 -1 -1 -1 -1 1 -1 -1 -1 1 -1 
-1 1 -1 -1 -1 -1 1 -1 -1 1 1 -1 -1 -1 
-1 -1 -1 0 0 -1 -1 0 -1 -1 -1 0 -1 -1 
0 -1 -1 -1 -1 -1 -1 -1 -1 1 -1 -1 -1 -1 
-1 -1 1 -1 -1 -1 -1 0 -1 -1 -1 -1 -1 -1 
-1 0 -1 -1 -1 -1 -1 0 -1 -1 0 -1 0 -1 
0 -1 1 -1 -1 -1 1 -1 -1 -1 -1 -1 -1 -1 
-1 -1 -1 -1 1 -1 -1 -1 -1 -1 -1 -1 1 -1 
-1 -1 1 -1 -1 0 -1 -1 -1 -1 1 -1 -1 1 
-1 0 -1 -1 -1 -1 1 -1 -1 0 -1 0 0 -1 
-1 1 1 -1 -1 -1 1 -1 -1 -1 -1 -1 -1 -1 
-1 -1 1 -1 -1 0 -1 -1 -1 -1 -1 -1 -1 -1 
