765,090
14 hard
0 0 -1 -1 0 -1 -1 -1 1 -1 0 -1 0 -1 
-1 0 -1 -1 -1 1 -1 -1 -1 -1 -1 -1 0 -1 
-1 -1 -1 -1 -1 -1 0 -1 -1 -1 0 -1 -1 -1 
-1 -1 -1 -1 1 -1 0 0 -1 -1 -1 1 -1 -1 
-1 -1 -1 0 -1 -1 -1 -1 1 -1 -1 -1 -1 1 
1 -1 -1 -1 -1 -1 -1 -1 -1 -1 -1 1 -1 1 
-1 -1 -1 -1 -1 -1 -1 -1 1 -1 -1 -1 -1 -1 
0 -1 -1 -1 -1 -1 -1 0 -1 0 -1 0 -1 1 
-1 -1 -1 0 -1 -1 -1 0 -1 -1 -1 -1 -1 -1 
-1 1 1 -1 -1 -1 -1 -1 -1 -1 -1 0 -1 0 
-1 1 -1 -1 -1 1 -1 -1 -1 -1 -1 -1 -1 -1 
-1 -1 -1 -1 -1 -1 -1 -1 0 -1 0 -1 -1 0 
-1 0 -1 -1 -1 -1 0 -1 0 -1 -1 -1 -1 -1 
-1 -1 -1 -1 -1 -1 -1 -1 -1 -1 1 -1 0 -1 
