9,199,537
14 hard
-1 -1 1 1 -1 -1 -1 -1 -1 0 0 -1 0 -1 
0 -1 0 -1 -1 -1 0 -1 -1 -1 -1 1 -1 -1 
-1 -1 -1 1 -1 1 -1 -1 -1 -1 -1 -1 -1 -1 
-1 -1 -1 -1 -1 -1 -1 -1 -1 -1 -1 -1 -1 1 
-1 -1 -1 -1 1 -1 -1 0 -1 -1 -1 -1 -1 0 
-1 -1 -1 1 -1 -1 -1 0 1 -1 -1 -1 0 -1 
-1 -1 -1 1 -1 -1 -1 -1 1 -1 -1 -1 -1 -1 
-1 -1 0 -1 -1 -1 -1 1 -1 -1 -1 0 0 -1 
-1 0 0 -1 0 -1 -1 -1 -1 -1 -1 -1 -1 -1 
-1 -1 -1 -1 -1 -1 -1 1 -1 -1 0 -1 -1 -1 
-1 1 1 -1 -1 -1 1 1 -1 -1 -1 -1 1 -1 
-1 -1 -1 0 -1 -1 -1 -1 -1 -1 -1 -1 -1 -1 
-1 -1 -1 -1 -1 -1 -1 -1 -1 0 -1 0 0 -1 
-1 -1 -1 -1 -1 -1 -1 1 1 -1 -1 -1 -1 -1 
