4,128,113
20 hard
0 -1 -1 0 -1 0 -1 -1 -1 0 0 -1 -1 -1 0 -1 -1 0 -1 -1 
1 -1 1 -1 -1 -1 0 -1 1 -1 -1 -1 -1 -1 -1 1 -1 -1 -1 -1 
-1 0 -1 -1 -1 -1 -1 -1 -1 -1 -1 -1 -1 0 -1 -1 -1 -1 0 -1 
-1 -1 -1 -1 -1 -1 -1 -1 1 -1 -1 -1 1 -1 -1 1 1 -1 -1 -1 
1 -1 -1 -1 -1 -1 1 -1 -1 -1 0 -1 -1 -1 -1 1 -1 -1 -1 -1 
1 0 -1 0 -1 -1 -1 -1 0 -1 -1 -1 -1 -1 -1 -1 -1 -1 1 1 
-1 -1 -1 -1 0 -1 -1 1 0 -1 -1 0 0 -1 -1 -1 -1 0 -1 -1 
-1 -1 0 -1 -1 0 -1 1 -1 -1 -1 0 -1 -1 -1 0 -1 -1 -1 -1 
-1 -1 -1 -1 -1 0 -1 -1 -1 -1 -1 -1 -1 0 -1 -1 0 -1 1 1 
-1 1 -1 -1 -1 -1 -1 1 -1 -1 -1 -1 0 -1 -1 -1 -1 0 -1 1 
-1 -1 0 -1 1 -1 1 -1 -1 0 -1 -1 -1 1 -1 1 -1 -1 -1 -1 
1 -1 0 -1 -1 -1 -1 0 -1 -1 0 -1 1 1 -1 -1 -1 -1 -1 -1 
-1 -1 -1 -1 0 -1 -1 -1 -1 0 -1 -1 -1 -1 -1 1 -1 -1 0 1 
1 -1 1 -1 -1 -1 -1 -1 0 -1 -1 -1 -1 -1 -1 -1 1 -1 -1 -1 
-1 -1 -1 -1 -1 0 -1 -1 -1 -1 0 -1 1 -1 -1 0 -1 -1 -1 -1 
0 -1 -1 0 0 -1 -1 0 -1 -1 -1 0 -1 -1 1 -1 1 -1 -1 -1 
-1 -1 -1 -1 -1 -1 -1 -1 1 -1 -1 -1 -1 -1 -1 -1 -1 -1 0 1 
1 -1 -1 -1 -1 1 -1 1 0 -1 -1 -1 -1 -1 1 -1 -1 -1 -1 -1 
-1 -1 -1 -1 0 0 -1 -1 -1 1 -1 0 -1 -1 -1 -1 1 -1 0 -1 
-1 -1 -1 -1 -1 -1 -1 -1 0 -1 -1 -1 -1 -1 -1 -1 -1 -1 -1 1 
