8,288,532
20 hard
0 0 -1 1 -1 0 -1 1 -1 1 -1 0 -1 -1 -1 -1 -1 -1 -1 -1 
-1 -1 1 -1 0 -1 -1 -1 -1 -1 -1 -1 1 -1 -1 -1 -1 -1 1 -1 
-1 0 -1 -1 -1 -1 1 -1 -1 -1 -1 -1 -1 0 0 -1 1 -1 -1 -1 
-1 -1 -1 -1 -1 -1 -1 0 1 -1 -1 -1 -1 -1 -1 1 -1 0 0 -1 
-1 0 0 -1 -1 1 -1 0 1 -1 -1 -1 -1 -1 -1 -1 -1 -1 -1 -1 
-1 -1 -1 1 -1 -1 -1 -1 -1 0 -1 -1 0 -1 -1 -1 0 -1 -1 1 
-1 -1 0 -1 -1 1 -1 -1 1 -1 -1 -1 -1 -1 -1 -1 -1 -1 0 -1 
0 -1 -1 -1 -1 -1 -1 0 -1 -1 -1 -1 -1 0 -1 -1 0 -1 0 0 
-1 -1 -1 -1 -1 -1 -1 -1 0 -1 0 -1 -1 -1 -1 -1 -1 -1 -1 0 
1 -1 -1 -1 -1 1 1 -1 -1 1 -1 -1 -1 -1 -1 0 0 -1 -1 -1 
-1 -1 -1 -1 0 -1 -1 -1 0 -1 -1 -1 0 -1 -1 -1 1 -1 1 -1 
-1 1 -1 -1 -1 -1 -1 -1 -1 0 -1 -1 -1 1 -1 0 -1 -1 1 -1 
-1 -1 -1 -1 -1 -1 0 -1 1 -1 -1 0 -1 -1 -1 -1 1 -1 -1 -1 
-1 1 1 -1 -1 -1 -1 -1 -1 -1 -1 -1 -1 -1 1 -1 0 0 -1 -1 
-1 -1 -1 0 -1 -1 1 0 -1 -1 -1 0 0 -1 -1 -1 -1 -1 -1 -1 
-1 -1 -1 -1 -1 1 -1 -1 -1 1 -1 1 -1 -1 -1 -1 1 -1 -1 0 
-1 -1 -1 -1 -1 -1 0 -1 -1 -1 -1 -1 0 -1 -1 0 0 -1 -1 -1 
-1 -1 -1 -1 -1 1 -1 -1 0 -1 0 -1 -1 1 -1 1 -1 -1 0 -1 
0 -1 0 -1 0 -1 -1 -1 -1 -1 -1 -1 -1 -1 -1 -1 -1 -1 0 -1 
-1 -1 -1 -1 -1 -1 -1 -1 1 -1 1 -1 0 -1 0 0 -1 -1 -1 -1 
