9,268,820
20 hard
0 -1 -1 0 1 -1 1 -1 -1 0 -1 -1 -1 1 -1 1 -1 1 -1 -1 
-1 1 -1 -1 -1 -1 -1 -1 -1 -1 -1 -1 -1 -1 0 -1 1 -1 -1 -1 
-1 -1 -1 -1 0 -1 -1 0 -1 0 -1 0 -1 1 -1 -1 -1 1 0 -1 
-1 -1 -1 0 -1 -1 -1 0 -1 -1 0 -1 -1 -1 -1 -1 -1 -1 -1 0 
-1 -1 -1 0 -1 -1 -1 -1 -1 -1 -1 -1 -1 -1 -1 -1 -1 -1 -1 -1 
-1 -1 -1 -1 1 -1 -1 -1 -1 -1 -1 -1 1 1 -1 -1 -1 0 -1 -1 
-1 1 -1 1 -1 -1 1 -1 -1 -1 -1 0 -1 -1 0 0 -1 -1 -1 1 
-1 -1 -1 -1 -1 -1 1 1 -1 0 -1 -1 -1 -1 -1 -1 -1 -1 -1 1 
-1 -1 -1 -1 -1 -1 -1 -1 -1 0 -1 -1 1 -1 -1 -1 0 -1 -1 -1 
-1 -1 -1 -1 -1 1 -1 -1 -1 -1 -1 -1 -1 0 -1 -1 -1 -1 -1 1 
1 -1 -1 0 0 -1 1 -1 -1 -1 0 -1 -1 -1 -1 -1 0 -1 -1 -1 
0 0 -1 -1 -1 -1 -1 -1 -1 0 -1 -1 -1 0 -1 -1 -1 -1 -1 -1 
-1 -1 -1 -1 -1 0 -1 0 -1 -1 -1 -1 -1 -1 -1 -1 -1 -1 -1 -1 
-1 -1 1 1 -1 -1 -1 -1 1 -1 -1 0 1 -1 -1 -1 -1 -1 -1 -1 
-1 -1 -1 -1 -1 -1 -1 -1 -1 -1 -1 -1 1 -1 0 -1 0 -1 -1 -1 
-1 -1 -1 -1 -1 0 0 -1 -1 0 -1 0 -1 -1 -1 0 -1 -1 0 -1 
-1 -1 -1 -1 -1 -1 -1 -1 -1 -1 -1 -1 -1 0 -1 -1 -1 1 0 -1 
-1 -1 1 -1 -1 0 -1 -1 -1 -1 -1 -1 -1 -1 -1 0 0 -1 -1 -1 
-1 1 1 -1 1 -1 1 -1 -1 -1 -1 1 -1 -1 -1 -1 -1 -1 0 -1 
0 -1 -1 -1 1 -1 -1 0 -1 -1 0 -1 1 -1 -1 0 -1 -1 -1 -1 
