9,987,650
20 hard
-1 -1 0 -1 -1 -1 -1 -1 -1 -1 -1 0 -1 -1 -1 -1 0 -1 -1 -1 
0 -1 -1 1 -1 1 -1 -1 -1 -1 -1 -1 -1 0 -1 0 -1 -1 1 -1 
-1 -1 -1 -1 -1 1 -1 -1 -1 -1 1 -1 -1 -1 -1 -1 1 -1 -1 0 
-1 -1 0 -1 -1 -1 -1 -1 -1 -1 -1 0 -1 -1 -1 0 0 -1 -1 -1 
-1 0 0 -1 -1 -1 1 -1 -1 0 -1 -1 0 -1 -1 -1 -1 1 -1 -1 
1 -1 -1 -1 -1 -1 1 -1 0 0 -1 -1 -1 1 -1 1 -1 -1 -1 1 
-1 -1 -1 1 -1 -1 -1 1 -1 -1 -1 -1 -1 -1 1 -1 -1 1 -1 -1 
-1 -1 -1 -1 -1 0 -1 -1 -1 -1 0 -1 -1 -1 1 -1 -1 -1 -1 -1 
-1 -1 -1 -1 -1 -1 -1 0 -1 1 -1 -1 -1 -1 -1 -1 -1 -1 -1 -1 
1 -1 -1 -1 -1 -1 -1 -1 -1 -1 -1 -1 -1 1 -1 -1 -1 -1 -1 -1 
-1 -1 0 -1 -1 0 0 -1 -1 -1 -1 -1 0 -1 0 -1 -1 -1 0 -1 
-1 1 -1 -1 -1 -1 -1 -1 -1 0 1 -1 -1 -1 -1 -1 1 -1 -1 -1 
-1 -1 -1 0 -1 -1 0 0 -1 -1 -1 -1 -1 0 -1 -1 1 -1 -1 -1 
-1 0 -1 -1 -1 -1 -1 -1 -1 -1 0 -1 -1 -1 -1 -1 -1 -1 -1 0 
-1 0 1 -1 -1 -1 1 -1 -1 -1 -1 1 -1 -1 -1 0 -1 -1 -1 -1 
-1 -1 -1 -1 0 -1 1 -1 1 -1 -1 -1 1 -1 -1 -1 -1 -1 -1 1 
1 -1 -1 1 -1 -1 -1 -1 -1 -1 -1 -1 1 1 -1 -1 -1 -1 -1 -1 
-1 -1 0 -1 -1 0 -1 -1 -1 -1 -1 0 -1 -1 -1 1 -1 -1 -1 -1 
-1 -1 0 -1 -1 0 -1 -1 -1 -1 -1 -1 -1 -1 -1 1 -1 -1 -1 1 
0 -1 -1 1 -1 -1 -1 -1 -1 -1 0 0 -1 -1 -1 -1 -1 1 -1 -1 
