4,741,200
14 easy
-1 -1 -1 -1 -1 0 -1 0 -1 1 -1 -1 -1 -1 
-1 1 -1 0 -1 -1 -1 -1 1 -1 -1 -1 1 1 
0 -1 0 -1 -1 0 -1 -1 -1 -1 1 -1 -1 -1 
-1 -1 -1 -1 0 -1 1 -1 -1 -1 -1 -1 -1 -1 
-1 -1 -1 -1 -1 -1 -1 -1 -1 -1 0 -1 -1 0 
0 -1 1 -1 -1 0 0 -1 -1 -1 0 1 -1 -1 
-1 -1 -1 0 -1 -1 -1 1 -1 -1 -1 1 -1 -1 
-1 1 -1 -1 0 -1 -1 -1 -1 -1 -1 -1 -1 -1 
-1 -1 -1 -1 -1 -1 -1 -1 1 -1 0 -1 -1 -1 
-1 -1 -1 0 -1 1 1 -1 -1 -1 0 -1 0 -1 
-1 1 -1 1 -1 -1 -1 -1 -1 -1 -1 -1 -1 -1 
-1 -1 -1 -1 0 -1 0 0 -1 -1 -1 -1 0 -1 
-1 1 -1 1 -1 0 -1 0 -1 0 -1 -1 0 -1 
-1 1 -1 0 1 -1 -1 -1 -1 -1 -1 1 -1 -1 
