2026-05-11
daily hard
-1 1 -1 1 -1 -1 1 -1 -1 0 -1 0 0 -1 -1 1 -1 0 -1 -1 -1 0 -1 -1 
-1 -1 0 -1 -1 1 -1 1 -1 0 -1 -1 -1 1 -1 -1 -1 0 0 -1 -1 -1 0 -1 
-1 -1 -1 -1 -1 -1 1 -1 -1 -1 -1 1 -1 -1 -1 -1 -1 -1 -1 -1 -1 -1 -1 -1 
1 1 -1 -1 0 -1 -1 -1 0 -1 -1 -1 -1 -1 -1 -1 1 -1 1 -1 1 -1 0 1 
1 -1 -1 1 -1 -1 -1 1 -1 -1 -1 0 -1 -1 -1 -1 -1 0 1 -1 -1 -1 -1 -1 
-1 -1 0 -1 -1 -1 1 -1 -1 -1 -1 0 0 -1 0 -1 0 -1 -1 -1 1 -1 -1 -1 
-1 -1 0 -1 -1 -1 -1 -1 0 -1 -1 -1 1 -1 0 -1 -1 -1 -1 -1 1 -1 0 -1 
-1 1 -1 -1 1 -1 -1 -1 -1 -1 1 -1 -1 -1 -1 -1 -1 0 -1 -1 -1 -1 -1 -1 
-1 -1 -1 -1 -1 -1 -1 -1 -1 1 1 -1 -1 0 -1 -1 -1 -1 0 -1 -1 -1 -1 -1 
-1 -1 -1 -1 -1 -1 -1 1 -1 -1 -1 -1 -1 -1 -1 1 -1 1 -1 1 -1 1 -1 -1 
-1 -1 -1 -1 -1 0 -1 1 -1 -1 -1 0 -1 -1 -1 0 -1 -1 -1 -1 -1 -1 0 -1 
0 -1 -1 -1 -1 -1 -1 -1 -1 -1 1 0 -1 1 -1 -1 -1 1 0 -1 1 -1 -1 -1 
-1 1 -1 -1 1 -1 1 -1 1 -1 -1 -1 -1 -1 -1 -1 -1 -1 -1 -1 -1 -1 -1 -1 
-1 -1 0 -1 -1 0 -1 -1 -1 1 -1 1 1 -1 -1 -1 0 -1 0 -1 1 -1 0 -1 
-1 0 -1 -1 -1 -1 -1 1 -1 -1 0 -1 -1 0 -1 -1 -1 -1 -1 0 -1 -1 -1 -1 
-1 -1 -1 -1 -1 -1 -1 -1 -1 -1 -1 -1 -1 -1 -1 -1 -1 -1 0 -1 -1 -1 -1 1 
-1 1 1 -1 0 -1 -1 -1 -1 0 0 -1 -1 -1 0 -1 -1 -1 -1 1 -1 -1 -1 1 
1 1 -1 -1 -1 -1 -1 -1 -1 -1 -1 -1 -1 -1 -1 -1 -1 -1 -1 0 -1 1 1 -1 
-1 -1 -1 0 -1 0 0 -1 1 -1 -1 -1 -1 1 1 -1 0 -1 0 -1 -1 -1 1 -1 
-1 1 1 -1 0 -1 -1 1 -1 -1 -1 -1 -1 -1 -1 -1 -1 -1 0 -1 -1 -1 -1 -1 
0 -1 -1 -1 0 -1 -1 -1 1 -1 0 -1 -1 -1 0 -1 -1 -1 -1 -1 -1 -1 -1 1 
-1 -1 -1 1 -1 -1 -1 -1 -1 -1 -1 1 -1 1 -1 1 -1 -1 0 -1 1 -1 -1 -1 
-1 -1 -1 -1 -1 -1 1 -1 -1 -1 -1 1 1 -1 -1 -1 -1 -1 0 -1 -1 -1 0 -1 
-1 0 -1 -1 -1 -1 1 1 -1 -1 -1 -1 -1 1 0 -1 -1 -1 -1 -1 1 -1 0 -1 
