1,007,839
20 easy
0 1 0 1 0 1 0 1 0 1 0 0 1 0 1 0 1 1 0 1 
1 0 1 0 1 0 1 0 1 0 0 1 0 1 1 0 0 1 1 0 
0 0 1 1 0 1 0 0 1 0 1 0 1 1 0 1 1 0 0 1 
0 1 0 1 0 1 0 1 0 1 1 0 1 0 0 1 1 0 0 1 
1 0 1 0 1 0 1 1 0 1 0 1 0 0 1 0 0 1 1 0 
1 0 1 0 1 1 0 0 1 0 1 0 1 1 0 1 0 0 1 0 
0 1 0 1 0 0 1 1 0 0 1 1 0 1 0 1 1 0 0 1 
1 0 1 1 0 1 0 0 1 1 0 0 1 0 1 0 0 1 1 0 
0 1 0 0 1 0 0 1 1 0 1 1 0 1 0 1 0 1 0 1 
1 0 1 0 1 0 1 0 0 1 0 1 0 0 1 0 1 0 1 1 
1 0 1 1 0 1 0 1 1 0 1 0 1 0 0 1 0 1 0 0 
0 1 0 0 1 0 1 1 0 1 0 1 0 1 1 0 0 1 1 0 
0 1 1 0 1 1 0 0 1 0 1 0 0 1 1 0 1 0 0 1 
1 0 0 1 0 0 1 1 0 1 0 1 1 0 0 1 1 0 1 0 
0 1 0 0 1 1 0 1 1 0 1 0 1 1 0 1 0 1 0 0 
0 0 1 1 0 1 1 0 0 1 0 1 0 0 1 0 1 0 1 1 
1 1 0 0 1 0 1 0 1 0 1 1 0 1 0 1 0 0 1 0 
0 1 1 0 0 1 0 1 0 1 0 0 1 0 1 0 1 1 0 1 
1 0 0 1 1 0 1 0 0 1 0 1 1 0 0 1 0 1 0 1 
1 1 0 1 0 0 1 0 1 0 1 0 0 1 1 0 1 0 1 0 
Time: 0.0197 seconds (0.0003 minutes)
Fitness: 0.0000
