3,531,642
20 easy
1 0 1 1 0 0 1 0 0 1 0 0 1 0 1 0 1 0 1 1 
0 1 0 0 1 1 0 1 1 0 1 1 0 1 0 1 0 1 0 0 
1 0 0 1 0 0 1 1 0 0 1 1 0 0 1 1 0 0 1 1 
1 0 1 0 0 1 0 0 1 1 0 0 1 1 0 0 1 0 1 1 
0 1 1 0 1 0 0 1 1 0 1 0 1 1 0 0 1 1 0 0 
0 1 0 1 1 0 1 0 0 1 0 1 0 0 1 1 0 0 1 1 
1 0 1 0 0 1 1 0 1 0 1 0 1 1 0 0 1 0 1 0 
1 0 0 1 1 0 0 1 0 1 1 0 1 0 0 1 0 1 0 1 
0 1 0 0 1 1 0 1 0 1 0 1 0 1 1 0 1 1 0 0 
1 0 1 1 0 0 1 0 1 0 0 1 0 0 1 0 1 0 1 1 
0 1 1 0 1 0 1 0 0 1 1 0 1 1 0 1 0 1 0 0 
1 0 0 1 0 1 0 1 1 0 0 1 0 1 0 1 0 1 1 0 
1 0 0 1 0 1 0 1 0 1 0 1 0 0 1 0 1 0 1 1 
0 1 1 0 1 0 1 0 1 0 1 0 1 0 1 0 1 0 0 1 
0 1 1 0 0 1 1 0 1 1 0 0 1 1 0 1 0 1 0 0 
1 0 0 1 0 1 0 1 0 0 1 1 0 0 1 1 0 0 1 1 
0 1 0 1 1 0 1 1 0 0 1 0 0 1 1 0 1 1 0 0 
1 0 1 0 1 1 0 0 1 1 0 1 1 0 0 1 0 0 1 0 
0 1 0 1 0 0 1 1 0 1 1 0 0 1 0 0 1 1 0 1 
0 1 1 0 1 1 0 0 1 0 0 1 1 0 1 1 0 1 0 0 
Time: 0.0289 seconds (0.0005 minutes)
Fitness: 0.0000
