2026-05-04
weekly 
-1 1 -1 -1 1 -1 -1 -1 1 1 -1 0 -1 -1 1 -1 -1 0 -1 0 0 -1 1 -1 1 -1 1 -1 -1 -1 
-1 -1 -1 -1 -1 -1 -1 -1 -1 1 -1 -1 -1 1 1 -1 -1 -1 -1 -1 -1 -1 -1 -1 1 -1 1 -1 1 0 
-1 1 -1 -1 -1 -1 -1 0 -1 -1 0 -1 -1 -1 -1 -1 -1 -1 -1 -1 1 1 -1 -1 -1 -1 -1 -1 0 0 
-1 1 -1 -1 1 -1 -1 -1 -1 -1 0 -1 -1 1 -1 -1 1 1 -1 -1 1 -1 -1 -1 1 -1 -1 -1 -1 -1 
-1 -1 -1 -1 -1 -1 -1 1 -1 -1 -1 -1 -1 -1 -1 0 -1 -1 -1 -1 -1 -1 0 -1 -1 -1 -1 -1 -1 -1 
-1 -1 -1 0 1 -1 -1 1 -1 1 -1 -1 0 -1 -1 -1 -1 1 -1 -1 -1 1 -1 -1 -1 0 -1 -1 -1 -1 
-1 -1 -1 -1 -1 -1 -1 -1 -1 1 0 -1 -1 -1 -1 1 -1 -1 0 -1 -1 -1 -1 -1 -1 -1 1 -1 -1 -1 
1 -1 -1 -1 -1 -1 -1 -1 -1 -1 -1 -1 -1 -1 -1 -1 -1 1 -1 -1 -1 -1 -1 1 -1 -1 0 -1 1 1 
-1 0 0 -1 -1 -1 0 1 -1 -1 0 0 -1 -1 -1 -1 1 -1 -1 0 -1 0 -1 1 -1 0 -1 -1 1 -1 
-1 -1 -1 -1 -1 0 0 -1 -1 -1 -1 0 -1 1 -1 0 -1 -1 -1 0 -1 -1 -1 -1 -1 -1 -1 1 -1 -1 
-1 -1 1 -1 -1 -1 -1 -1 -1 -1 -1 -1 -1 1 -1 -1 1 -1 -1 -1 -1 0 -1 -1 1 -1 -1 -1 -1 0 
1 -1 -1 0 -1 -1 1 -1 -1 1 -1 -1 -1 -1 -1 1 -1 -1 -1 -1 -1 -1 -1 0 -1 -1 -1 -1 1 -1 
-1 -1 -1 1 1 -1 -1 -1 -1 -1 -1 -1 0 -1 0 0 -1 -1 1 -1 -1 -1 -1 -1 -1 -1 -1 -1 -1 -1 
-1 -1 -1 -1 -1 -1 0 0 -1 1 -1 1 -1 -1 -1 -1 -1 -1 0 -1 -1 -1 1 -1 -1 -1 0 -1 -1 -1 
-1 -1 -1 -1 -1 -1 -1 0 -1 -1 -1 -1 0 0 -1 0 -1 1 -1 0 -1 -1 1 -1 -1 -1 -1 -1 0 -1 
-1 -1 -1 0 1 -1 -1 -1 -1 -1 0 -1 -1 -1 -1 -1 -1 1 -1 -1 -1 -1 -1 -1 1 -1 -1 -1 -1 -1 
-1 1 -1 -1 -1 -1 -1 0 -1 -1 -1 -1 -1 -1 -1 -1 -1 -1 -1 -1 -1 -1 -1 -1 -1 0 -1 0 -1 0 
1 -1 0 -1 -1 -1 1 -1 -1 -1 -1 0 -1 -1 1 -1 -1 -1 0 0 -1 1 -1 0 -1 -1 -1 0 -1 -1 
1 -1 -1 -1 -1 -1 -1 -1 -1 -1 1 -1 1 -1 1 -1 1 -1 1 -1 -1 -1 -1 -1 -1 1 -1 -1 -1 -1 
-1 -1 -1 -1 -1 0 -1 0 -1 -1 -1 -1 1 -1 -1 -1 -1 -1 -1 -1 -1 -1 -1 -1 -1 -1 -1 -1 -1 0 
0 -1 -1 0 -1 -1 -1 -1 -1 0 -1 -1 -1 -1 1 -1 0 -1 -1 -1 -1 -1 -1 0 -1 1 -1 -1 0 -1 
-1 -1 -1 -1 -1 -1 0 0 -1 -1 0 -1 0 -1 1 -1 -1 -1 0 0 -1 -1 -1 0 -1 -1 0 -1 -1 -1 
-1 1 -1 -1 -1 -1 0 0 -1 -1 0 -1 -1 -1 -1 -1 -1 -1 -1 -1 -1 -1 -1 -1 -1 1 -1 -1 -1 0 
0 -1 -1 1 -1 -1 -1 -1 -1 -1 -1 0 -1 1 -1 -1 0 -1 -1 -1 -1 -1 1 -1 1 -1 -1 -1 1 -1 
-1 -1 1 -1 1 -1 -1 -1 -1 -1 0 -1 -1 1 -1 -1 -1 0 -1 1 1 -1 -1 -1 1 1 -1 -1 1 -1 
0 -1 1 -1 -1 -1 -1 1 -1 -1 -1 -1 -1 -1 1 -1 -1 -1 -1 -1 -1 -1 -1 -1 -1 -1 1 -1 -1 -1 
-1 -1 -1 -1 -1 1 -1 1 -1 -1 -1 0 -1 -1 -1 1 -1 1 -1 -1 -1 -1 -1 -1 -1 -1 -1 -1 -1 -1 
-1 -1 -1 -1 -1 -1 -1 -1 -1 -1 0 -1 -1 1 -1 -1 -1 -1 -1 0 -1 -1 -1 1 -1 1 0 -1 -1 0 
1 -1 -1 -1 -1 -1 -1 -1 -1 -1 -1 -1 -1 -1 0 -1 -1 -1 -1 -1 -1 -1 -1 -1 -1 1 -1 -1 -1 -1 
-1 1 -1 1 -1 1 -1 0 0 -1 0 -1 -1 -1 -1 1 -1 0 0 -1 -1 -1 -1 -1 -1 -1 -1 -1 -1 -1 
