2026-05-01
monthly 
0 1 1 0 1 1 0 1 0 1 0 0 1 1 0 0 1 0 0 1 1 0 1 0 0 1 0 0 1 1 
0 0 1 0 1 0 1 0 1 0 1 0 1 0 1 1 0 1 1 0 0 1 0 1 1 0 1 1 0 0 
1 1 0 1 0 1 1 0 0 1 0 1 0 1 1 0 1 1 0 1 0 0 1 0 0 1 0 0 1 1 
1 0 1 1 0 1 0 1 0 1 0 1 1 0 0 1 1 0 1 0 1 1 0 1 0 0 1 0 1 1 
0 1 1 0 1 0 1 0 1 0 1 0 1 1 0 1 0 0 1 1 0 0 1 0 1 0 1 1 0 0 
1 0 0 1 0 1 0 1 0 1 0 1 0 1 1 0 0 1 0 0 1 1 0 0 1 1 0 0 1 1 
0 1 1 0 1 1 0 0 1 0 1 0 1 0 0 1 1 0 1 1 0 0 1 1 0 1 0 1 1 0 
1 0 0 1 1 0 1 1 0 0 1 1 0 1 1 0 0 1 0 1 0 1 1 0 1 0 1 1 0 0 
0 0 1 0 0 1 1 0 0 1 0 1 1 0 0 1 0 1 1 0 1 1 0 1 0 0 1 0 1 1 
1 1 0 0 1 1 0 1 1 0 1 0 1 0 1 0 1 0 0 1 1 0 0 1 0 1 0 1 0 0 
1 0 1 1 0 0 1 0 1 1 0 1 0 1 0 1 1 0 0 1 0 0 1 0 1 1 0 0 1 0 
0 0 1 0 1 0 0 1 0 0 1 1 0 1 1 0 0 1 1 0 0 1 0 1 1 0 1 0 1 1 
0 1 0 0 1 1 0 0 1 1 0 0 1 0 0 1 1 0 1 0 1 1 0 0 1 1 0 1 0 1 
1 0 1 1 0 0 1 1 0 0 1 1 0 1 0 0 1 0 0 1 1 0 1 0 0 1 0 1 0 0 
0 1 0 1 0 1 1 0 0 1 0 1 1 0 1 1 0 1 0 1 0 0 1 1 0 0 1 0 1 1 
0 1 1 0 1 1 0 1 1 0 1 0 1 1 0 0 1 0 1 0 1 1 0 0 1 0 1 1 0 0 
1 0 1 1 0 0 1 1 0 0 1 1 0 0 1 0 1 0 1 1 0 1 0 0 1 0 0 1 0 1 
1 0 0 1 0 1 0 0 1 1 0 1 0 1 0 1 0 1 0 0 1 0 1 1 0 1 1 0 1 0 
0 1 1 0 1 0 1 1 0 0 1 0 1 0 1 0 0 1 1 0 1 0 1 1 0 1 0 1 0 1 
1 1 0 0 1 1 0 1 1 0 0 1 0 1 0 1 1 0 1 1 0 1 0 0 1 0 0 1 0 0 
0 0 1 1 0 0 1 0 1 1 0 0 1 0 1 1 0 1 0 0 1 0 1 1 0 1 1 0 1 0 
0 1 1 0 1 1 0 1 0 0 1 1 0 1 0 0 1 1 0 1 0 1 0 1 1 0 1 0 0 1 
1 1 0 1 0 1 1 0 1 1 0 1 0 1 0 1 0 0 1 1 0 1 0 0 1 1 0 1 1 0 
0 0 1 0 1 0 1 1 0 0 1 0 1 0 1 1 0 1 0 0 1 0 1 1 0 0 1 1 0 1 
0 0 1 1 0 1 0 0 1 1 0 1 0 1 1 0 1 0 0 1 0 1 0 0 1 1 0 0 1 1 
1 1 0 0 1 0 1 0 1 0 1 0 1 0 0 1 0 1 1 0 1 0 1 0 1 0 1 0 1 0 
1 0 1 1 0 1 0 1 0 1 0 0 1 0 1 0 1 0 0 1 1 0 0 1 0 1 0 1 0 1 
0 1 1 0 1 1 0 0 1 1 0 1 0 1 1 0 0 1 0 1 0 1 1 0 0 1 0 0 1 0 
0 1 0 1 0 0 1 1 0 0 1 0 1 0 0 1 1 0 1 0 1 0 0 1 1 0 1 1 0 0 
1 0 1 1 0 0 1 0 1 0 1 0 0 1 0 1 0 1 0 1 1 0 1 1 0 0 1 1 0 1 
1 0 1 0 1 1 0 1 0 1 0 1 0 0 1 0 0 1 0 1 0 1 1 0 1 1 0 0 1 0 
0 1 0 1 0 1 1 0 1 0 1 0 1 0 1 0 1 0 1 0 1 1 0 1 0 0 1 0 0 1 
1 0 0 1 1 0 0 1 0 1 0 1 0 1 0 0 1 1 0 1 1 0 1 0 1 1 0 1 1 0 
0 1 1 0 0 1 0 1 1 0 1 0 1 1 0 1 0 1 0 1 0 0 1 1 0 0 1 0 1 0 
1 0 0 1 0 0 1 0 0 1 1 0 1 0 1 0 1 0 1 0 1 1 0 0 1 0 0 1 0 1 
0 1 0 0 1 1 0 1 1 0 0 1 0 0 1 1 0 1 1 0 0 1 1 0 0 1 0 1 1 0 
1 0 1 1 0 0 1 0 1 0 1 0 0 1 0 0 1 1 0 1 1 0 0 1 0 0 1 0 1 1 
1 0 1 1 0 0 1 0 0 1 0 0 1 0 1 0 1 0 1 0 1 1 0 0 1 0 1 1 0 1 
0 1 0 0 1 1 0 1 0 1 0 1 1 0 1 1 0 1 0 1 0 0 1 1 0 1 0 0 1 0 
1 1 0 0 1 0 1 0 1 0 1 0 0 1 0 1 0 1 1 0 0 1 0 1 0 1 1 0 0 1 
Time: 1053.2306 seconds (17.5538 minutes)
Fitness: -103.0000
