2026-04-01
monthly 
1 0 1 0 1 0 1 0 1 0 0 1 1 0 0 1 1 0 1 1 0 1 0 1 0 1 0 1 0 0 
1 -1 0 1 1 0 1 0 0 1 1 0 1 0 -1 1 0 1 0 0 1 1 0 0 -1 1 1 0 1 1 
0 0 1 1 0 1 0 1 1 0 1 1 0 1 0 0 1 0 1 0 1 0 1 0 1 0 1 1 0 0 
1 1 0 0 1 0 1 1 0 1 0 1 0 0 1 -1 1 0 0 1 0 0 1 1 0 1 0 1 0 0 
1 0 1 0 0 1 1 0 0 1 0 0 1 0 1 0 0 1 1 0 0 1 0 1 0 1 1 0 1 1 
0 0 1 -1 1 0 0 1 1 0 1 0 1 1 0 0 1 0 0 1 1 0 0 -1 1 0 1 1 0 0 
1 1 0 1 0 0 1 1 0 0 1 1 0 1 0 1 0 1 0 1 0 1 1 0 1 0 0 1 0 0 
0 1 0 0 1 1 0 0 1 1 0 1 0 0 1 0 1 0 1 0 1 0 0 1 0 1 1 0 1 1 
1 0 1 1 0 1 0 1 1 0 1 0 1 1 0 1 0 0 -1 1 0 1 0 1 0 1 0 1 0 0 
0 1 1 0 1 0 1 -1 0 0 1 1 0 0 1 0 1 1 0 0 1 0 1 0 1 0 0 1 0 1 
0 1 0 0 1 1 0 1 0 1 0 1 1 0 0 1 1 0 1 0 0 1 0 0 1 0 1 0 1 1 
1 0 0 1 0 0 1 0 1 0 1 0 -1 1 0 1 0 0 1 1 0 1 0 1 0 1 0 1 -1 0 
0 1 1 0 1 1 0 0 1 1 0 1 0 0 -1 0 1 1 0 0 1 0 1 1 0 0 1 0 1 1 
0 1 1 0 0 1 0 1 0 0 1 1 0 1 0 1 1 0 1 1 0 1 0 0 1 1 0 1 0 0 
1 0 0 1 0 0 1 1 0 1 1 0 1 1 0 1 0 1 1 0 1 0 1 0 -1 0 1 1 0 0 
1 0 0 1 1 0 1 0 1 0 0 1 1 0 1 0 1 1 -1 0 0 1 0 1 0 1 0 0 1 1 
0 1 1 0 1 1 0 1 1 0 1 1 0 1 0 0 1 0 1 1 0 0 1 0 -1 0 1 0 1 0 
1 0 1 0 0 1 1 0 0 1 1 0 1 0 1 1 0 1 0 0 -1 0 1 1 0 1 0 1 0 1 
1 0 0 1 0 0 1 1 0 1 0 1 1 0 0 1 0 1 1 0 1 1 0 0 1 0 0 1 1 0 
0 1 1 0 1 0 0 -1 1 0 1 1 0 1 1 0 1 0 0 1 1 0 0 1 0 1 1 0 0 1 
1 0 1 0 0 1 1 0 0 1 0 0 1 1 0 1 1 0 1 0 0 1 1 0 1 0 1 0 -1 1 
1 1 0 1 0 1 0 0 1 0 1 0 1 0 -1 1 0 1 1 0 0 1 0 0 1 1 0 1 0 0 
0 -1 0 1 1 0 1 1 0 1 0 1 0 1 1 0 0 1 0 1 1 0 0 1 0 1 0 0 1 1 
1 0 1 0 -1 0 1 0 1 0 -1 1 -1 0 1 0 1 0 0 1 0 1 1 0 1 0 1 0 1 0 
1 0 1 0 1 1 0 1 0 0 1 0 1 1 0 1 0 1 1 0 0 1 0 0 1 1 0 1 0 0 
0 1 0 1 0 0 1 0 0 1 -1 0 -1 1 0 0 1 1 0 0 1 0 1 1 0 0 1 0 1 1 
0 -1 1 1 0 1 0 0 1 0 0 1 0 -1 1 1 0 0 1 1 0 1 0 0 1 0 0 1 1 0 
1 0 0 -1 1 0 1 1 0 1 1 0 1 0 1 0 1 0 0 1 1 0 1 0 0 1 1 0 -1 -1 
1 0 1 0 0 1 0 1 0 0 1 0 1 1 0 0 1 1 -1 0 0 1 0 1 1 0 1 0 0 1 
0 1 0 1 1 -1 0 0 1 0 0 1 0 1 0 1 0 -1 1 1 0 1 1 0 0 1 0 1 1 0 
-1 0 1 0 1 0 1 0 1 1 0 0 1 0 1 0 1 1 0 1 1 0 0 1 0 1 1 0 0 1 
0 1 0 1 0 1 0 1 0 0 1 1 0 1 0 1 0 0 1 0 -1 -1 1 0 1 0 -1 1 0 1 
1 0 0 1 1 0 -1 0 0 1 0 1 0 1 1 0 0 1 1 0 -1 -1 1 0 1 1 0 1 1 0 
-1 0 -1 0 0 1 -1 0 1 1 0 0 1 0 1 0 -1 1 0 1 0 1 0 1 0 -1 -1 0 1 0 
-1 1 -1 0 1 0 0 1 1 0 1 -1 -1 1 0 1 1 0 1 -1 1 0 1 0 1 0 1 0 0 1 
0 0 1 1 0 1 1 0 0 1 -1 -1 -1 0 1 1 0 1 1 0 0 1 0 1 0 1 0 1 0 1 
1 1 0 0 1 1 0 0 1 1 0 0 1 1 0 0 1 0 0 1 1 0 1 1 0 0 1 0 1 0 
1 0 0 1 1 0 0 1 0 0 1 1 0 1 0 1 -1 0 1 0 -1 1 -1 0 1 1 0 1 1 0 
0 1 1 -1 0 0 1 1 -1 -1 1 0 1 0 1 0 0 1 0 1 1 0 -1 -1 0 -1 1 0 0 1 
-1 -1 1 0 0 1 1 0 -1 1 0 0 1 0 1 0 -1 0 -1 1 0 0 1 1 0 0 1 0 0 1 
