5,242,732
20 hard
1 1 0 0 1 0 0 1 1 0 1 1 0 0 1 0 1 0 1 0 
0 0 1 0 0 1 1 0 0 1 1 0 1 1 0 1 0 1 0 1 
0 1 0 1 0 1 0 0 1 1 0 1 0 0 1 0 1 0 1 1 
1 0 0 1 1 0 1 1 0 0 1 0 1 1 0 0 1 0 1 0 
0 1 1 0 1 0 0 1 1 0 1 0 1 0 1 1 0 1 0 0 
1 0 0 1 0 1 1 0 0 1 0 1 0 1 0 0 1 0 1 1 
0 0 1 1 0 0 1 0 1 0 0 1 1 0 0 1 1 0 0 1 
1 1 0 0 1 1 0 1 0 1 1 0 0 1 1 0 0 1 0 0 
0 0 1 1 0 0 1 0 1 1 0 0 1 0 1 1 0 1 1 0 
1 0 0 1 1 0 1 1 0 0 0 1 0 1 0 0 1 0 1 1 
0 1 1 0 0 1 0 1 0 1 0 1 1 0 1 0 0 1 0 1 
1 0 1 0 1 1 0 0 1 0 1 0 0 1 0 1 0 1 1 0 
1 1 0 1 0 0 1 0 1 0 1 0 1 1 0 0 1 0 0 1 
0 1 1 0 1 1 0 1 0 1 0 1 0 0 1 1 0 1 0 0 
1 1 0 0 1 0 0 1 1 0 1 0 1 0 1 1 0 1 1 0 
1 0 1 1 0 1 1 0 1 0 1 0 0 1 0 0 1 0 0 1 
0 0 1 0 1 1 0 1 0 1 0 1 1 0 1 1 0 1 0 0 
0 1 0 1 1 0 0 1 1 0 0 1 1 0 1 1 0 0 1 0 
1 1 0 1 0 0 1 0 0 1 1 0 0 1 0 0 1 1 0 1 
0 0 1 0 0 1 1 0 0 1 0 1 0 1 0 1 1 0 1 1 
Time: 391.3676 seconds (6.5228 minutes)
Fitness: -7.0000
