555,231
20 hard
1 0 1 0 0 1 1 0 1 0 1 1 0 0 1 0 1 0 1 0 
0 1 0 0 1 0 0 1 0 1 1 0 1 0 1 1 0 1 1 0 
1 0 0 1 0 0 1 0 1 1 0 0 1 1 0 1 1 0 0 1 
0 0 1 0 1 1 0 0 1 0 0 1 0 1 1 0 1 0 1 1 
1 1 0 1 1 0 0 1 0 0 1 0 1 0 1 1 0 1 0 0 
0 1 1 0 0 1 1 0 1 1 0 0 1 1 0 0 1 0 1 0 
0 0 1 1 0 0 1 1 0 0 1 1 0 0 1 0 1 1 0 1 
1 0 0 1 1 0 0 1 0 1 1 0 1 1 0 1 0 1 0 0 
0 1 1 0 0 1 1 0 1 0 0 1 1 0 0 1 0 0 1 1 
0 0 1 0 1 0 1 1 0 1 0 1 0 1 1 0 1 1 0 0 
1 1 0 1 0 1 0 0 1 0 1 0 0 1 0 1 0 1 0 1 
1 0 0 1 1 0 0 1 1 0 0 1 1 0 0 1 0 0 1 1 
0 1 1 0 1 0 1 1 0 1 0 1 0 0 1 0 1 1 0 0 
1 0 0 1 0 1 1 0 0 1 1 0 0 1 0 1 0 0 1 1 
0 1 1 0 1 1 0 0 1 0 1 0 1 0 1 0 1 1 0 0 
0 0 1 1 0 0 1 1 0 1 0 1 1 0 0 1 0 0 1 1 
1 1 0 0 1 1 0 1 0 1 0 1 0 1 0 0 1 0 0 1 
0 1 0 1 1 0 1 0 1 0 1 0 0 1 1 0 0 1 1 0 
1 0 1 0 0 1 0 0 1 0 0 1 1 0 1 1 0 0 1 1 
1 1 0 1 0 1 0 1 0 1 1 0 0 1 0 0 1 1 0 0 
Time: 0.1122 seconds (0.0019 minutes)
Fitness: 0.0000
