8,742,247
20 hard
1 0 1 0 1 0 1 1 0 0 1 0 1 1 0 1 0 1 0 0 
1 0 1 0 1 0 1 0 0 1 1 0 1 0 1 0 1 0 0 1 
1 1 0 1 0 1 0 1 1 0 0 1 0 0 1 0 0 1 1 0 
0 1 1 0 1 0 1 0 1 1 0 1 0 1 0 0 1 1 0 0 
1 0 0 1 0 1 0 1 0 0 1 0 1 1 0 1 0 0 1 1 
0 0 1 1 0 1 1 0 0 1 1 1 0 0 1 0 0 1 1 0 
0 1 0 0 1 0 1 0 1 0 1 1 0 1 1 0 1 0 0 1 
1 0 0 1 1 0 0 1 0 1 0 0 1 1 0 1 1 0 1 0 
0 1 1 0 0 1 0 1 1 0 1 1 0 0 1 0 0 1 0 1 
1 0 0 1 1 0 1 0 0 1 0 1 0 1 0 1 1 0 0 1 
0 1 1 0 0 1 0 1 0 1 0 0 1 0 1 1 0 1 1 0 
1 0 0 1 0 1 0 1 0 0 1 1 0 0 1 0 1 0 1 1 
0 1 1 0 1 0 1 0 1 0 1 0 1 1 0 1 0 1 0 0 
0 1 0 0 1 1 0 0 1 1 0 0 1 0 1 0 1 0 1 1 
1 0 0 1 0 1 0 1 0 0 1 1 0 1 0 1 0 1 0 1 
1 0 1 1 0 0 1 0 1 1 0 1 0 0 1 0 1 0 1 0 
0 1 0 0 1 0 1 0 1 1 0 0 1 1 0 1 0 0 1 1 
1 0 1 1 0 1 0 1 0 0 1 0 1 0 1 1 0 1 0 0 
0 1 1 0 1 0 0 1 1 0 0 1 0 1 0 0 1 1 0 1 
0 1 0 1 0 1 1 0 1 1 0 0 1 0 0 1 1 0 1 0 
Time: 373.6680 seconds (6.2278 minutes)
Fitness: -5.0000
