9,144,485
20 hard
1 0 1 1 0 1 0 0 1 1 0 1 -1 -1 -1 -1 -1 0 -1 -1 
0 1 -1 0 1 0 -1 1 -1 0 1 0 -1 -1 -1 -1 -1 -1 -1 -1 
1 0 0 1 -1 0 1 1 0 1 0 1 1 0 -1 -1 -1 -1 1 -1 
-1 1 -1 -1 0 1 0 0 1 -1 -1 0 -1 1 -1 0 1 0 -1 1 
-1 0 1 0 1 0 0 1 -1 -1 -1 1 0 0 1 1 0 1 0 0 
0 1 0 1 0 1 1 0 -1 -1 -1 0 1 0 -1 1 -1 0 1 1 
-1 -1 1 0 0 1 -1 -1 -1 -1 0 1 0 1 0 0 1 -1 -1 -1 
-1 -1 -1 0 1 0 -1 -1 -1 0 1 0 -1 1 -1 -1 0 -1 -1 -1 
1 -1 0 1 1 0 1 0 -1 -1 -1 1 -1 0 -1 -1 -1 -1 -1 1 
-1 0 -1 -1 0 1 0 1 0 1 0 0 1 1 0 0 1 -1 -1 -1 
-1 1 -1 0 1 1 0 1 -1 -1 -1 0 -1 -1 -1 -1 -1 1 -1 -1 
1 0 0 1 0 0 1 0 -1 -1 -1 1 -1 -1 -1 -1 -1 -1 -1 0 
0 1 1 0 1 0 1 0 0 1 -1 -1 -1 0 1 1 0 0 1 -1 
1 0 0 1 0 1 0 1 1 0 1 0 0 1 0 0 1 1 0 1 
0 1 1 0 1 0 1 0 1 1 0 1 1 0 0 1 0 1 0 0 
1 -1 -1 -1 0 1 0 1 0 1 0 1 1 0 1 -1 -1 0 1 -1 
-1 -1 0 1 0 1 1 0 1 0 1 0 0 1 0 -1 -1 -1 1 -1 
-1 -1 1 0 1 0 1 -1 0 1 1 0 1 0 1 0 -1 -1 0 -1 
-1 0 1 -1 -1 1 0 -1 1 0 0 1 -1 -1 -1 1 -1 -1 -1 -1 
-1 -1 0 -1 -1 0 1 -1 -1 1 0 -1 -1 -1 0 1 1 0 1 0 
