9,167,147
20 hard
1 0 1 1 0 0 1 1 0 1 0 1 0 0 1 1 0 1 0 0 
0 1 0 0 1 0 0 1 1 0 1 0 1 1 0 0 1 1 0 1 
1 0 1 1 0 1 1 0 0 1 0 0 1 1 0 1 0 0 1 0 
0 1 0 1 0 1 0 1 1 0 1 1 0 0 1 0 1 0 0 1 
0 1 0 0 1 0 1 0 1 1 0 1 0 1 0 1 0 1 1 0 
1 0 1 0 1 1 0 1 0 0 1 0 1 0 1 0 1 0 1 0 
1 0 1 1 0 0 1 0 0 1 0 1 0 1 0 1 1 0 0 1 
0 1 0 1 0 1 1 0 1 0 0 1 1 0 0 1 0 1 0 1 
0 1 0 0 1 1 0 1 1 0 1 0 1 0 1 0 0 1 1 0 
1 0 1 0 1 0 1 0 0 1 0 1 0 1 1 0 1 0 0 1 
1 1 0 1 0 1 0 0 1 0 1 0 0 1 0 1 1 0 1 0 
0 0 1 0 1 1 0 1 0 1 0 1 1 0 1 0 0 1 0 1 
0 1 0 1 1 0 1 0 0 1 0 1 0 1 1 0 1 0 1 0 
1 0 0 1 0 1 0 1 1 0 1 0 1 0 0 1 0 1 0 1 
1 0 1 0 0 1 1 0 1 0 1 1 0 0 1 1 0 0 1 0 
0 1 0 1 1 0 0 1 0 1 0 0 1 1 0 0 1 0 1 1 
1 0 1 0 1 0 1 0 1 0 1 0 1 1 0 0 1 1 0 0 
0 1 1 0 0 1 0 0 1 1 0 1 0 0 1 1 0 0 1 1 
0 1 0 1 0 0 1 1 0 1 1 0 1 0 0 1 0 1 1 0 
1 0 1 0 1 0 0 1 0 0 1 0 0 1 1 0 1 1 0 1 
Time: 0.1283 seconds (0.0021 minutes)
Fitness: 0.0000
