9,326,617
20 hard
1 0 0 1 0 0 1 1 0 0 1 1 0 1 1 0 1 1 0 0 
1 0 0 1 0 1 0 0 1 0 0 1 1 0 1 0 1 0 1 1 
0 1 1 0 1 0 1 1 0 1 1 0 0 1 0 1 0 1 0 0 
0 0 1 1 0 0 1 0 0 1 1 0 1 0 1 1 0 1 0 1 
1 1 0 1 0 1 0 0 1 0 0 1 0 1 0 0 1 0 1 1 
0 1 0 0 1 1 0 1 1 0 1 1 0 1 0 1 0 1 0 0 
1 0 1 1 0 0 1 0 0 1 0 0 1 0 1 0 1 0 1 1 
0 1 1 0 1 0 1 1 0 0 1 1 0 1 0 1 0 1 0 0 
1 0 0 0 1 1 0 1 1 0 1 0 1 0 1 0 0 1 1 0 
0 0 1 1 0 1 0 0 1 1 0 1 1 0 0 1 1 0 0 1 
0 1 1 0 1 0 1 1 0 1 0 0 0 1 1 0 1 0 0 1 
1 1 0 1 0 1 0 0 1 0 0 1 0 1 0 1 0 1 1 0 
0 0 1 0 1 1 0 1 0 1 1 0 1 0 1 0 1 0 1 0 
0 1 1 0 1 0 1 0 1 1 0 0 1 0 1 0 1 0 0 1 
1 1 0 1 0 0 1 0 0 1 0 1 0 1 0 1 0 1 1 0 
0 0 1 0 1 1 0 1 1 0 1 0 1 0 0 1 1 0 1 0 
0 1 0 1 1 0 0 1 0 1 1 0 0 1 1 0 0 1 0 1 
1 0 1 0 0 1 1 0 1 0 0 1 0 1 0 1 1 0 0 1 
1 0 0 1 1 0 1 0 0 1 1 0 1 0 1 0 0 1 1 0 
0 1 0 1 0 1 0 1 1 0 0 1 1 0 0 1 0 0 1 1 
Time: 378.4032 seconds (6.3067 minutes)
Fitness: -8.0000
