2026-05-07
daily hard
-1 -1 -1 1 0 1 1 0 1 0 1 -1 -1 0 -1 -1 -1 -1 -1 -1 -1 -1 -1 0 
-1 1 0 1 -1 0 -1 1 0 1 0 1 0 -1 -1 -1 -1 1 0 -1 -1 -1 1 -1 
-1 0 1 0 -1 -1 -1 0 1 1 0 0 1 -1 -1 -1 1 0 1 0 -1 1 0 -1 
-1 1 0 -1 1 -1 -1 1 0 0 1 1 0 -1 -1 1 0 0 1 1 0 0 1 1 
0 0 1 -1 0 1 0 1 0 0 1 -1 -1 -1 -1 -1 0 1 0 0 1 0 1 -1 
-1 0 1 0 1 0 1 0 1 1 0 -1 1 -1 -1 0 1 0 1 -1 0 1 0 -1 
-1 1 0 1 -1 -1 0 -1 1 0 1 -1 0 1 0 1 -1 -1 0 -1 1 0 1 1 
1 0 0 1 -1 -1 -1 -1 0 1 0 -1 1 -1 -1 0 -1 -1 1 0 0 1 0 -1 
0 1 1 0 -1 -1 -1 1 -1 -1 1 -1 0 -1 -1 0 -1 1 -1 -1 0 -1 -1 -1 
1 1 0 -1 -1 -1 1 0 1 0 1 -1 0 -1 -1 1 -1 -1 0 -1 1 -1 -1 -1 
0 0 1 1 0 -1 -1 -1 0 1 0 -1 1 0 1 -1 0 -1 -1 1 -1 -1 -1 -1 
1 0 1 0 1 1 0 1 0 1 0 -1 -1 1 0 -1 -1 0 -1 -1 -1 0 -1 -1 
0 1 0 1 0 0 1 0 1 0 1 1 0 0 1 0 -1 1 0 -1 -1 1 -1 0 
-1 -1 -1 0 1 1 0 0 1 0 1 0 1 1 0 1 -1 0 1 -1 0 1 0 1 
-1 0 1 1 0 0 1 1 0 1 0 1 0 0 1 0 1 0 0 1 1 0 -1 -1 
0 -1 -1 -1 -1 -1 0 1 0 -1 1 0 1 0 -1 -1 0 1 -1 0 1 0 1 0 
-1 -1 -1 -1 -1 -1 1 0 1 0 1 1 0 1 -1 -1 1 0 1 -1 0 1 0 1 
-1 -1 -1 1 -1 -1 1 0 1 1 0 0 1 0 1 0 -1 -1 0 -1 -1 1 0 -1 
-1 0 -1 -1 0 1 0 1 0 1 -1 -1 0 1 0 -1 -1 -1 1 -1 -1 0 1 -1 
-1 -1 -1 -1 1 0 1 -1 -1 0 -1 -1 -1 -1 1 -1 -1 0 1 0 1 0 0 1 
0 -1 1 0 0 1 -1 0 -1 -1 -1 0 -1 -1 1 0 1 -1 0 1 0 1 1 0 
1 -1 -1 -1 1 -1 0 1 0 1 0 1 0 1 0 1 0 -1 1 0 -1 1 0 0 
0 1 0 -1 -1 -1 1 0 1 0 -1 -1 -1 -1 1 0 -1 1 0 1 -1 0 1 1 
1 -1 -1 1 0 1 1 0 0 1 -1 -1 1 0 0 1 1 0 1 0 1 0 -1 -1 
Time: 0.0185 seconds (0.0003 minutes)
Fitness: -660.0000
