2026-05-18
daily hard
1 0 1 0 0 1 0 0 1 1 0 1 1 0 1 0 1 1 0 0 1 0 1 0 
0 0 1 0 1 0 1 0 1 0 1 1 0 0 1 1 0 1 0 1 1 0 1 0 
1 1 0 1 0 1 0 1 0 1 0 0 1 1 0 0 1 0 1 0 0 1 0 1 
0 1 0 1 0 1 0 0 1 0 1 1 0 1 1 0 1 0 0 1 1 0 1 0 
1 0 1 0 1 0 1 1 0 1 0 0 1 0 0 1 0 1 1 0 0 1 0 1 
0 1 1 0 1 0 1 0 0 1 0 1 0 1 0 1 0 1 1 0 0 1 0 1 
1 0 0 1 0 1 0 1 1 0 1 0 1 0 1 0 1 0 0 1 1 0 1 0 
0 1 1 0 1 0 1 0 1 0 1 1 0 1 0 1 0 0 1 1 0 1 0 0 
0 1 0 1 0 1 1 0 0 1 0 0 1 1 0 0 1 1 0 0 1 1 0 1 
1 0 0 1 1 0 0 1 1 0 1 1 0 0 1 0 1 1 0 1 0 0 1 1 
1 0 1 0 1 0 0 1 1 0 1 0 1 1 0 1 0 0 1 0 1 0 1 0 
0 1 1 0 0 1 1 0 0 1 0 0 1 0 0 1 1 0 1 0 1 1 0 1 
1 0 0 1 1 0 0 1 1 0 1 1 0 1 1 0 0 1 0 1 0 0 1 0 
0 1 0 1 0 1 1 0 1 0 0 1 0 0 1 1 0 0 1 0 1 0 1 1 
0 1 1 0 1 0 1 0 0 1 0 0 1 1 0 1 1 0 0 1 0 1 0 1 
1 0 1 0 0 1 0 1 1 0 1 0 1 0 1 0 0 1 1 0 1 1 0 0 
0 1 0 1 0 1 0 1 0 1 0 1 0 1 0 1 0 1 1 0 1 0 1 0 
1 1 0 0 1 0 1 0 1 0 1 0 1 0 0 1 1 0 0 1 0 0 1 1 
0 0 1 1 0 0 1 1 0 0 1 0 0 1 1 0 1 0 1 1 0 1 0 1 
1 0 1 0 1 1 0 0 1 1 0 1 0 1 1 0 0 1 0 0 1 1 0 0 
0 1 0 1 0 1 0 1 0 1 1 0 1 0 0 1 0 1 0 1 0 0 1 1 
1 0 0 1 1 0 1 1 0 0 1 1 0 1 0 0 1 0 1 0 1 0 0 1 
0 0 1 0 1 0 1 0 1 1 0 0 1 0 1 1 0 0 1 1 0 1 1 0 
1 1 0 1 0 1 0 1 0 1 0 1 0 0 1 0 1 1 0 1 0 1 0 0 
Time: 669.7728 seconds (11.1629 minutes)
Fitness: -4.0000
