2026-05-11
daily hard
0 1 0 1 1 0 1 0 1 0 1 0 0 1 0 1 1 0 1 0 1 0 1 0 
1 0 0 1 0 1 0 1 1 0 1 0 0 1 1 0 1 0 0 1 0 1 0 1 
0 0 1 0 1 0 1 0 0 1 0 1 1 0 1 1 0 1 0 1 0 1 1 0 
1 1 0 1 0 1 1 0 0 1 0 1 0 1 0 0 1 0 1 0 1 0 0 1 
1 0 1 1 0 1 0 1 1 0 1 0 1 0 1 0 1 0 1 0 0 1 0 0 
0 1 0 0 1 0 1 0 0 1 1 0 0 1 0 1 0 1 0 1 1 0 1 1 
1 0 0 1 0 1 0 1 0 1 0 1 1 0 0 1 0 1 1 0 1 0 0 1 
0 1 1 0 1 1 0 0 1 0 1 1 0 1 1 0 1 0 1 0 0 1 0 0 
0 0 1 0 1 0 1 0 0 1 1 0 1 0 1 0 0 1 0 1 1 0 1 1 
1 0 0 1 0 1 0 1 1 0 0 1 0 1 0 1 0 1 0 1 0 1 1 0 
0 1 1 0 1 0 1 1 0 1 0 0 1 0 1 0 1 0 1 0 0 1 0 1 
0 0 1 1 0 1 0 0 1 0 1 0 1 1 0 1 0 1 0 1 1 0 1 0 
1 1 0 0 1 0 1 0 1 0 1 1 0 1 1 0 1 0 1 0 0 1 0 0 
0 1 0 0 1 0 0 1 0 1 0 1 1 0 1 1 0 1 0 1 1 0 0 1 
1 0 1 1 0 1 0 1 0 1 0 0 1 0 0 1 1 0 1 0 0 1 1 0 
1 0 0 1 1 0 1 0 1 0 1 0 0 1 1 0 0 1 0 0 1 0 1 1 
0 1 1 0 0 1 0 1 1 0 0 1 1 0 0 1 0 0 1 1 0 1 0 1 
1 1 0 1 0 0 1 0 0 1 0 1 1 0 0 1 1 0 1 0 0 1 1 0 
1 0 1 0 1 0 0 1 1 0 1 0 0 1 1 0 0 1 0 1 1 0 1 0 
0 1 1 0 0 1 0 1 0 1 0 1 0 0 1 0 1 1 0 1 0 1 0 1 
0 1 0 1 0 1 1 0 1 1 0 0 1 0 0 1 0 0 1 0 1 0 1 1 
1 0 0 1 1 0 0 1 0 0 1 1 0 1 0 1 0 1 0 1 1 0 1 0 
0 1 1 0 0 1 1 0 1 0 0 1 1 0 1 0 1 1 0 1 0 1 0 0 
1 0 1 0 1 0 1 1 0 1 1 0 0 1 0 0 1 0 1 0 1 0 0 1 
Time: 0.1677 seconds (0.0028 minutes)
Fitness: 0.0000
