2026-05-07
daily 
1 1 0 1 0 1 1 0 1 0 0 1 1 0 0 1 0 1 0 1 0 1 0 0 
0 1 0 1 1 0 0 1 0 1 0 1 0 1 0 0 1 1 0 1 1 0 1 0 
1 0 1 0 0 1 0 0 1 1 0 0 1 0 1 0 1 0 1 0 1 1 0 1 
0 1 0 0 1 0 1 1 0 0 1 1 0 1 0 1 0 0 1 1 0 0 1 1 
0 0 1 1 0 1 0 1 0 0 1 1 0 1 0 1 0 1 0 0 1 0 1 1 
1 0 1 0 1 0 1 0 1 1 0 0 1 0 1 0 1 0 1 1 0 1 0 0 
0 1 0 1 0 1 0 0 1 0 1 0 0 1 0 1 1 0 0 1 1 0 1 1 
1 0 0 1 0 1 0 1 0 1 0 1 1 0 1 0 0 1 1 0 0 1 0 1 
0 1 1 0 1 0 0 1 1 0 1 1 0 1 1 0 0 1 1 0 0 1 0 0 
1 1 0 0 1 0 1 0 1 0 1 0 0 1 0 1 1 0 0 1 1 0 1 0 
0 0 1 1 0 1 0 1 0 1 0 1 1 0 1 0 0 1 0 1 0 1 0 1 
1 0 1 0 1 1 0 1 0 1 0 0 1 1 0 1 0 0 1 0 1 0 1 1 
0 1 0 1 0 0 1 0 1 0 1 1 0 0 1 0 1 1 0 1 0 1 1 0 
1 0 1 0 1 1 0 0 1 0 1 0 1 1 0 1 0 0 1 0 0 1 0 1 
1 0 1 1 0 0 1 1 0 1 0 1 0 0 1 0 1 0 0 1 1 0 0 1 
0 1 0 1 1 0 0 1 0 1 1 0 1 0 1 1 0 1 0 0 1 0 1 0 
0 1 1 0 0 1 1 0 1 0 1 1 0 1 0 0 1 0 1 0 0 1 0 1 
1 0 0 1 1 0 1 0 1 1 0 0 1 0 1 0 1 1 0 1 0 1 0 0 
1 0 1 0 0 1 0 1 0 1 0 1 0 1 0 1 0 1 1 0 1 0 1 0 
0 1 0 1 1 0 1 1 0 0 1 0 1 0 1 1 0 0 1 0 1 0 0 1 
0 1 1 0 0 1 1 0 1 0 1 0 0 1 1 0 1 0 0 1 0 1 1 0 
1 0 0 1 1 0 0 1 0 1 0 1 0 1 0 1 0 1 1 0 1 1 0 0 
0 1 0 0 1 0 1 0 1 0 1 0 1 0 1 0 1 1 0 1 0 0 1 1 
1 0 1 1 0 1 1 0 0 1 0 0 1 0 0 1 1 0 1 0 1 0 1 0 
Time: 442.3265 seconds (7.3721 minutes)
Fitness: -10.0000
