2026-05-05
daily 
1 1 0 0 1 0 1 0 1 1 0 1 0 1 0 0 1 0 0 1 0 1 1 0 
0 1 0 1 1 0 0 1 1 0 1 0 1 0 0 1 0 1 1 0 1 0 1 0 
1 0 1 0 0 1 1 0 0 1 0 1 0 1 1 0 1 0 1 0 1 0 0 1 
0 1 0 1 1 0 0 1 1 0 1 0 1 0 1 1 0 1 0 1 0 1 0 0 
1 0 1 0 1 1 0 0 1 1 0 1 0 1 0 0 1 0 1 0 1 0 1 0 
0 0 1 1 0 0 1 1 0 0 1 0 0 1 1 0 1 0 1 0 1 1 0 1 
0 1 0 0 1 0 1 0 0 1 1 0 1 0 1 1 0 1 0 1 0 1 1 0 
1 0 1 0 1 1 0 0 1 0 0 1 1 0 0 1 0 1 0 1 1 0 0 1 
1 0 1 1 0 0 1 1 0 1 1 0 0 1 0 0 1 0 1 0 0 1 1 0 
0 1 0 1 0 1 0 0 1 0 0 1 0 1 1 0 1 1 0 0 1 1 0 1 
0 1 0 0 1 0 1 1 0 1 0 1 1 0 0 1 0 1 0 1 0 0 1 1 
1 0 1 0 1 1 0 1 0 1 1 0 1 0 1 0 1 0 1 1 0 1 0 0 
0 0 1 1 0 1 0 0 1 0 0 1 0 1 0 1 1 0 1 0 1 0 1 1 
1 1 0 1 1 0 1 1 0 0 1 0 1 0 1 0 0 1 0 0 1 0 1 0 
0 1 1 0 0 1 0 1 0 1 1 0 0 1 0 1 0 0 1 1 0 1 0 1 
0 0 1 0 1 1 0 0 1 1 0 1 0 1 1 0 1 1 0 0 1 1 0 0 
1 0 0 1 0 0 1 1 0 0 1 0 1 0 1 1 0 1 0 1 0 0 1 1 
0 1 0 0 1 1 0 1 0 1 1 0 1 1 0 0 1 0 1 0 1 1 0 0 
1 0 1 0 1 1 0 0 1 0 0 1 0 0 1 1 0 1 0 1 0 0 1 1 
1 1 0 1 0 0 1 0 1 1 0 1 0 1 0 1 1 0 0 1 0 1 0 0 
0 0 1 1 0 0 1 1 0 0 1 0 1 0 1 0 1 0 1 0 1 0 1 1 
1 1 0 0 1 1 0 1 0 1 1 0 1 0 0 1 0 1 0 1 0 1 1 0 
1 1 0 1 1 0 1 0 1 0 0 1 0 1 0 1 0 1 0 0 1 0 0 1 
0 0 1 1 0 1 1 0 1 0 0 1 1 0 1 0 1 0 1 1 0 0 1 1 
Time: 697.5650 seconds (11.6261 minutes)
Fitness: -16.0000
