2026-05-11
weekly hard
-1 -1 1 -1 -1 -1 -1 -1 -1 -1 1 -1 -1 -1 -1 -1 -1 -1 -1 -1 1 1 -1 -1 -1 1 -1 -1 -1 -1 
-1 0 -1 1 -1 1 -1 -1 0 0 -1 -1 -1 -1 -1 0 -1 -1 1 -1 -1 -1 -1 -1 -1 -1 -1 0 -1 -1 
-1 -1 0 -1 0 -1 -1 -1 -1 -1 -1 -1 -1 1 1 -1 0 -1 -1 -1 -1 -1 -1 1 -1 0 -1 0 -1 -1 
-1 -1 -1 -1 -1 -1 -1 1 -1 1 -1 -1 -1 -1 1 -1 -1 -1 -1 1 1 -1 -1 1 -1 -1 1 -1 -1 -1 
-1 -1 -1 -1 -1 0 -1 -1 -1 1 -1 -1 -1 -1 -1 -1 -1 -1 -1 -1 -1 0 -1 -1 0 -1 -1 -1 -1 -1 
-1 -1 -1 1 -1 -1 -1 -1 -1 -1 0 -1 -1 1 -1 -1 -1 1 -1 -1 -1 -1 -1 1 -1 -1 -1 -1 1 -1 
-1 0 -1 -1 -1 0 0 -1 0 -1 -1 -1 -1 -1 0 -1 0 -1 -1 0 -1 -1 -1 1 -1 -1 -1 -1 1 -1 
-1 -1 -1 -1 -1 -1 -1 -1 -1 -1 -1 -1 1 -1 -1 -1 1 -1 -1 0 -1 -1 1 -1 -1 -1 -1 -1 -1 -1 
-1 -1 -1 1 -1 0 -1 1 -1 -1 0 -1 -1 -1 0 -1 -1 0 -1 -1 -1 -1 -1 -1 1 1 -1 0 -1 0 
-1 1 -1 1 1 -1 -1 -1 -1 -1 -1 0 -1 -1 -1 1 -1 -1 -1 -1 -1 -1 -1 -1 -1 -1 0 0 -1 -1 
0 -1 -1 -1 -1 -1 -1 -1 -1 -1 1 0 -1 -1 -1 -1 -1 1 1 -1 -1 0 -1 1 1 -1 -1 -1 -1 0 
-1 -1 -1 -1 -1 -1 0 -1 0 -1 -1 -1 -1 -1 -1 -1 -1 -1 -1 0 -1 -1 -1 -1 -1 -1 -1 -1 1 -1 
1 -1 1 -1 0 -1 0 -1 0 -1 0 -1 -1 0 0 -1 -1 -1 -1 -1 -1 -1 0 -1 -1 -1 -1 -1 -1 0 
-1 1 1 -1 0 -1 -1 -1 -1 -1 -1 -1 -1 -1 -1 -1 0 0 -1 -1 0 -1 -1 -1 -1 -1 -1 0 -1 -1 
-1 -1 -1 -1 -1 -1 0 -1 -1 -1 -1 1 -1 -1 1 -1 -1 -1 -1 1 -1 -1 -1 1 -1 -1 1 0 -1 1 
-1 -1 -1 -1 -1 -1 -1 -1 -1 0 -1 -1 0 0 -1 -1 -1 0 -1 -1 1 0 -1 1 -1 -1 -1 -1 -1 -1 
-1 -1 -1 -1 0 0 -1 -1 0 -1 1 -1 -1 -1 -1 -1 -1 -1 1 -1 -1 -1 -1 -1 1 -1 0 -1 1 1 
-1 -1 1 -1 -1 0 -1 -1 0 -1 -1 -1 1 -1 -1 1 -1 -1 -1 0 -1 -1 -1 -1 -1 -1 -1 -1 -1 -1 
-1 0 -1 -1 -1 -1 -1 1 -1 -1 -1 -1 -1 1 -1 1 -1 0 -1 -1 -1 -1 0 0 -1 -1 0 -1 -1 -1 
-1 -1 1 -1 -1 1 -1 -1 -1 1 -1 0 -1 1 -1 -1 -1 -1 1 -1 -1 -1 -1 -1 -1 -1 -1 -1 -1 -1 
-1 -1 -1 1 -1 -1 0 -1 -1 -1 0 0 -1 -1 -1 0 -1 -1 -1 1 -1 1 -1 -1 -1 -1 -1 -1 -1 0 
-1 1 -1 -1 -1 -1 -1 -1 -1 -1 -1 -1 -1 1 -1 -1 -1 -1 1 1 -1 -1 0 -1 -1 1 -1 -1 0 -1 
-1 -1 0 -1 -1 -1 1 -1 -1 0 -1 0 -1 -1 0 -1 -1 -1 -1 -1 -1 -1 -1 1 -1 -1 0 -1 1 1 
-1 -1 -1 1 -1 -1 -1 1 -1 -1 -1 0 -1 -1 -1 1 -1 -1 -1 -1 -1 0 -1 -1 -1 -1 -1 0 -1 -1 
-1 -1 0 -1 -1 -1 0 -1 -1 -1 -1 -1 -1 0 -1 -1 -1 -1 -1 1 -1 -1 -1 -1 -1 0 -1 -1 -1 0 
1 0 -1 -1 1 -1 1 -1 -1 1 1 -1 -1 -1 -1 -1 -1 1 1 -1 -1 1 -1 -1 -1 -1 -1 -1 1 -1 
1 -1 -1 -1 1 -1 -1 1 -1 -1 -1 -1 0 -1 -1 1 -1 -1 -1 -1 -1 -1 1 -1 -1 -1 -1 -1 -1 -1 
-1 -1 0 -1 -1 -1 -1 -1 1 -1 1 -1 0 -1 0 -1 -1 -1 -1 -1 -1 1 -1 -1 -1 0 0 -1 -1 -1 
-1 0 -1 -1 -1 -1 -1 -1 0 0 -1 -1 -1 -1 0 -1 0 -1 -1 -1 -1 1 -1 0 -1 -1 -1 1 -1 1 
0 -1 -1 0 -1 1 1 -1 -1 -1 -1 -1 -1 -1 -1 -1 -1 -1 -1 0 -1 -1 -1 -1 -1 0 -1 -1 0 -1 
