1,007,839
20 easy
-1 -1 0 -1 -1 -1 -1 1 -1 -1 -1 -1 -1 -1 -1 0 -1 -1 -1 1 
1 -1 -1 -1 -1 0 -1 -1 1 -1 -1 1 -1 1 -1 -1 -1 -1 1 -1 
-1 -1 -1 1 -1 -1 -1 -1 1 0 -1 -1 -1 1 -1 -1 1 -1 -1 1 
-1 -1 0 -1 0 -1 -1 -1 -1 -1 1 -1 -1 -1 -1 1 1 -1 -1 -1 
-1 -1 -1 -1 -1 -1 1 -1 -1 -1 -1 -1 0 -1 -1 -1 -1 -1 -1 0 
1 -1 -1 -1 1 -1 -1 0 -1 -1 -1 -1 -1 -1 -1 -1 -1 -1 1 0 
-1 1 -1 -1 -1 -1 -1 1 -1 -1 -1 1 -1 1 0 -1 -1 0 -1 -1 
-1 -1 -1 1 -1 -1 0 -1 -1 -1 0 -1 -1 -1 -1 -1 0 -1 -1 -1 
-1 -1 -1 -1 -1 -1 -1 1 1 -1 -1 1 -1 -1 -1 1 -1 1 -1 1 
-1 0 1 -1 1 -1 -1 -1 -1 -1 -1 -1 0 0 -1 -1 -1 -1 -1 -1 
-1 0 -1 -1 -1 -1 -1 1 -1 0 -1 -1 -1 0 -1 -1 -1 -1 0 -1 
-1 -1 -1 0 -1 0 -1 -1 -1 -1 -1 -1 -1 -1 -1 0 0 -1 -1 0 
-1 -1 -1 0 -1 -1 0 -1 1 -1 1 -1 -1 -1 -1 -1 -1 -1 -1 -1 
-1 -1 0 -1 -1 -1 -1 -1 -1 1 -1 1 -1 0 0 -1 -1 -1 -1 -1 
0 -1 0 -1 -1 -1 -1 -1 -1 -1 -1 -1 1 1 -1 -1 0 -1 -1 -1 
-1 -1 -1 -1 -1 -1 -1 0 0 -1 -1 -1 -1 -1 -1 -1 -1 -1 1 1 
-1 -1 -1 0 -1 0 -1 0 -1 -1 -1 1 -1 1 -1 -1 -1 -1 -1 -1 
-1 1 -1 -1 -1 -1 -1 -1 -1 1 -1 -1 -1 -1 -1 -1 1 1 -1 1 
-1 -1 0 -1 -1 0 -1 0 -1 -1 -1 -1 -1 -1 -1 -1 0 -1 0 1 
-1 -1 0 -1 -1 0 -1 -1 1 -1 1 -1 -1 1 1 -1 -1 -1 -1 -1 
