3,531,642
20 easy
-1 -1 1 -1 -1 -1 -1 -1 0 -1 -1 -1 -1 -1 1 -1 -1 0 -1 -1 
-1 -1 -1 -1 -1 1 -1 1 -1 -1 1 1 -1 -1 -1 1 -1 -1 -1 -1 
1 -1 -1 -1 0 -1 -1 1 -1 0 -1 -1 -1 -1 1 -1 -1 0 -1 -1 
-1 -1 -1 0 0 -1 -1 -1 -1 -1 -1 0 -1 -1 -1 0 -1 0 -1 -1 
-1 1 -1 0 -1 -1 -1 -1 -1 -1 -1 -1 1 -1 -1 0 -1 -1 -1 -1 
0 1 -1 -1 -1 0 -1 0 0 -1 -1 -1 -1 -1 1 -1 -1 0 -1 -1 
-1 -1 -1 -1 -1 -1 -1 -1 -1 -1 -1 -1 1 1 -1 -1 -1 -1 1 -1 
-1 0 0 -1 -1 -1 -1 1 -1 1 -1 0 -1 -1 -1 -1 -1 -1 -1 1 
-1 -1 -1 -1 -1 1 -1 -1 -1 -1 -1 -1 0 -1 -1 0 -1 -1 0 -1 
-1 -1 1 1 -1 -1 -1 0 1 -1 -1 -1 -1 -1 1 -1 -1 -1 -1 -1 
-1 -1 -1 -1 -1 0 -1 0 0 -1 -1 0 -1 -1 -1 -1 0 -1 -1 0 
-1 0 0 -1 -1 -1 -1 -1 -1 -1 -1 -1 0 -1 0 -1 -1 -1 -1 0 
-1 -1 -1 -1 -1 1 -1 1 -1 -1 -1 -1 0 -1 -1 -1 1 -1 -1 -1 
-1 1 1 -1 -1 -1 -1 -1 1 -1 1 -1 -1 -1 1 -1 -1 -1 -1 -1 
-1 1 -1 -1 0 -1 1 -1 -1 -1 -1 0 -1 -1 -1 1 -1 1 -1 -1 
-1 -1 -1 1 0 -1 -1 -1 -1 -1 1 -1 -1 -1 1 1 -1 -1 -1 -1 
0 -1 -1 1 -1 -1 -1 1 -1 -1 -1 0 -1 -1 -1 -1 -1 1 -1 0 
-1 0 -1 -1 1 -1 -1 -1 -1 1 -1 -1 1 -1 -1 -1 -1 0 -1 0 
-1 -1 -1 -1 -1 0 -1 1 -1 1 -1 -1 -1 -1 -1 -1 1 -1 -1 -1 
-1 -1 -1 0 -1 -1 -1 -1 -1 -1 -1 1 1 -1 -1 -1 -1 -1 -1 0 
