7,800,031
20 easy
0 -1 -1 -1 -1 0 0 -1 -1 -1 1 -1 1 1 -1 0 -1 -1 1 -1 
1 1 -1 -1 -1 -1 -1 -1 1 -1 -1 -1 -1 -1 -1 -1 -1 -1 -1 -1 
-1 -1 -1 1 -1 -1 -1 -1 1 -1 1 -1 -1 -1 0 -1 -1 1 -1 1 
-1 -1 0 -1 -1 -1 0 -1 -1 -1 -1 -1 -1 1 -1 -1 -1 -1 1 -1 
-1 -1 -1 1 -1 -1 -1 1 -1 0 -1 1 -1 1 -1 -1 -1 -1 1 -1 
0 -1 -1 -1 0 -1 0 -1 -1 0 -1 -1 -1 -1 1 -1 0 -1 -1 -1 
-1 -1 0 -1 -1 -1 -1 -1 -1 -1 -1 0 -1 1 -1 -1 -1 0 -1 0 
-1 1 -1 0 -1 -1 -1 -1 0 -1 1 0 -1 -1 0 -1 1 -1 1 -1 
0 -1 -1 0 -1 -1 -1 -1 -1 -1 -1 -1 -1 -1 -1 -1 -1 -1 -1 -1 
0 -1 0 -1 -1 0 -1 -1 -1 1 1 -1 -1 -1 1 -1 -1 -1 -1 -1 
-1 1 -1 -1 -1 -1 -1 1 -1 -1 -1 -1 -1 -1 -1 -1 -1 -1 -1 1 
0 -1 -1 -1 1 -1 -1 1 -1 -1 -1 -1 -1 -1 0 -1 0 -1 -1 -1 
-1 1 -1 -1 -1 -1 0 -1 -1 -1 0 0 -1 -1 -1 1 -1 -1 1 -1 
1 1 -1 -1 -1 -1 -1 -1 -1 -1 1 -1 -1 -1 -1 -1 -1 -1 -1 -1 
-1 -1 -1 -1 0 0 -1 0 -1 -1 -1 -1 -1 1 -1 -1 -1 0 -1 -1 
-1 -1 -1 -1 -1 0 0 -1 -1 -1 -1 0 -1 -1 -1 0 1 -1 1 -1 
1 -1 -1 0 -1 -1 -1 -1 -1 -1 1 -1 -1 1 1 -1 -1 -1 -1 -1 
-1 -1 1 -1 1 -1 -1 -1 -1 -1 -1 -1 -1 -1 -1 -1 1 -1 -1 -1 
-1 0 -1 -1 -1 -1 0 -1 0 -1 1 -1 1 -1 -1 -1 -1 0 0 -1 
-1 -1 -1 -1 1 -1 0 -1 -1 1 1 -1 -1 1 1 -1 -1 -1 -1 0 
