2026-05-01
monthly hard
0 1 1 0 1 1 0 1 0 1 0 0 1 1 0 0 1 1 0 1 1 0 -1 0 0 1 0 0 1 1 
0 0 1 0 1 0 1 0 1 0 1 0 1 0 1 1 0 1 1 0 0 1 0 1 1 0 1 1 0 0 
1 1 0 1 0 1 1 0 0 1 0 1 0 1 1 0 0 -1 0 1 1 0 1 0 0 1 0 0 1 1 
1 0 1 1 0 1 0 -1 0 -1 0 1 1 0 0 1 1 0 1 0 1 1 0 1 0 0 1 0 1 1 
0 1 1 0 1 0 1 0 1 0 1 0 1 1 0 1 0 0 1 1 0 0 1 0 1 0 1 1 0 0 
1 1 0 1 0 1 0 1 0 -1 0 1 0 1 1 0 0 1 0 0 1 1 0 0 1 1 0 0 1 1 
0 -1 1 0 1 1 0 0 1 0 1 0 1 0 0 1 1 0 1 1 0 0 1 1 0 1 0 1 1 0 
1 0 0 1 1 0 1 1 0 0 -1 1 0 1 1 0 0 1 0 1 0 1 1 0 1 0 1 1 0 0 
0 0 1 0 0 1 1 0 0 1 0 1 1 0 0 1 0 1 1 0 1 1 0 1 0 0 1 0 1 1 
1 1 0 0 1 1 0 1 1 0 1 0 1 0 1 0 1 0 0 1 1 0 0 1 -1 1 0 1 0 0 
1 0 1 1 0 0 1 0 1 1 0 1 0 1 0 1 0 -1 0 1 0 0 1 0 0 1 1 0 1 0 
0 0 1 0 1 0 0 1 0 0 1 1 0 1 1 0 0 1 1 0 0 1 0 1 1 0 1 0 1 1 
0 1 0 0 1 1 0 0 1 1 0 0 1 0 0 1 1 0 1 0 1 1 0 0 1 0 -1 1 0 1 
1 0 1 1 0 0 1 1 0 0 1 1 0 1 0 1 1 0 0 1 1 0 1 0 0 1 0 1 0 0 
0 1 0 1 0 1 1 0 0 1 0 1 1 0 1 0 0 1 0 1 0 0 1 1 0 0 1 0 1 1 
0 1 1 0 1 1 0 1 1 0 -1 0 1 1 0 0 1 0 1 0 1 1 0 0 1 -1 1 1 0 0 
1 0 1 1 0 0 1 1 0 0 1 1 0 0 1 -1 1 0 1 1 0 1 0 0 1 0 0 1 0 1 
1 0 0 1 0 1 0 0 1 1 0 1 0 1 0 1 0 1 0 0 1 0 1 1 0 -1 1 0 1 1 
0 1 1 0 1 0 1 1 0 0 1 0 1 0 1 0 0 1 1 0 1 0 1 1 0 1 0 1 0 0 
1 1 0 0 1 1 0 1 1 0 0 1 0 1 0 1 1 0 1 1 0 1 0 0 1 0 0 1 0 0 
0 0 1 1 0 0 1 0 1 1 0 0 1 0 1 1 0 1 0 0 1 0 1 1 0 1 1 0 1 -1 
0 1 1 0 1 1 0 1 0 0 -1 1 0 1 0 0 1 1 0 1 0 1 0 1 1 0 1 0 0 1 
1 1 0 1 0 1 1 0 0 1 0 1 0 1 0 1 -1 0 1 1 0 1 0 0 1 1 0 1 -1 0 
0 0 1 0 1 0 1 1 -1 0 1 0 1 0 1 1 0 1 0 0 1 0 1 1 0 0 1 1 0 1 
0 0 1 1 0 1 0 1 -1 1 0 1 0 1 0 0 1 0 0 1 0 1 0 0 1 1 0 0 1 1 
1 1 0 0 1 0 1 0 1 0 1 1 -1 0 0 1 0 1 1 0 1 0 1 0 1 0 1 0 1 0 
1 0 1 1 0 1 0 1 0 1 0 0 1 1 -1 0 1 0 0 1 1 0 0 1 0 -1 -1 1 0 1 
0 1 1 0 1 1 0 0 1 1 0 1 0 1 1 0 0 1 0 -1 0 1 1 0 0 1 -1 0 1 0 
0 1 0 1 -1 0 1 1 0 0 1 0 1 0 0 1 1 0 1 0 1 0 0 1 1 0 0 1 1 0 
1 0 1 1 0 0 1 0 1 0 1 0 0 1 0 1 0 1 0 1 1 0 1 0 -1 0 1 1 0 1 
1 1 -1 0 1 1 0 1 0 1 0 1 0 0 1 -1 0 1 0 1 0 1 1 0 1 1 0 0 1 0 
0 1 0 1 0 1 1 0 1 0 1 0 1 0 1 0 1 0 1 0 1 1 0 1 0 0 1 0 0 1 
1 0 0 1 1 0 0 1 0 1 0 1 0 1 0 0 1 1 0 1 1 0 -1 0 1 1 0 1 1 0 
0 1 -1 0 -1 1 0 1 1 0 1 0 -1 1 0 1 0 1 0 1 0 0 1 1 0 0 1 0 1 0 
1 0 -1 1 -1 -1 -1 0 0 1 1 0 1 0 1 0 1 0 1 0 1 1 0 0 1 0 -1 1 0 1 
0 1 0 0 1 -1 0 1 1 0 0 1 0 0 1 1 0 1 1 0 0 1 1 0 0 1 0 1 1 0 
1 -1 -1 1 0 0 1 0 1 0 1 -1 0 1 0 0 1 1 0 1 -1 0 0 1 0 0 1 0 1 1 
1 0 1 -1 0 -1 1 -1 0 1 0 -1 1 0 1 0 1 0 1 0 -1 1 0 -1 1 0 1 1 0 1 
0 1 0 -1 1 -1 0 1 0 1 0 -1 -1 -1 -1 1 0 -1 -1 -1 -1 0 1 -1 0 1 0 -1 -1 0 
1 -1 0 -1 1 0 1 0 1 -1 1 0 -1 -1 -1 1 -1 -1 1 0 0 1 0 1 0 1 1 0 -1 1 
Time: 0.7590 seconds (0.0127 minutes)
Fitness: -1040.0000
