6,635,910
14 hard
0 -1 1 -1 0 1 -1 -1 -1 -1 -1 -1 -1 1 
1 0 0 1 1 0 0 1 -1 -1 -1 -1 -1 0 
1 1 0 -1 1 0 1 -1 -1 0 1 0 1 0 
0 1 1 0 0 1 0 0 1 1 0 1 0 1 
0 0 1 1 0 0 1 1 0 1 1 0 1 0 
1 1 0 0 1 0 0 1 0 0 1 0 1 1 
0 1 0 1 0 1 1 0 1 1 0 1 0 0 
1 0 1 -1 -1 1 0 -1 -1 1 -1 0 1 1 
1 1 0 -1 -1 0 1 -1 -1 0 -1 1 0 0 
0 0 1 -1 -1 1 -1 -1 1 0 1 0 -1 1 
-1 0 1 -1 -1 0 -1 -1 -1 1 0 1 -1 -1 
-1 1 0 -1 -1 -1 -1 -1 0 1 0 -1 1 -1 
-1 -1 1 -1 -1 -1 -1 -1 1 0 1 -1 -1 -1 
1 0 0 1 -1 -1 0 1 0 -1 -1 -1 -1 -1 
Time: 0.0070 seconds (0.0001 minutes)
Fitness: -240.0000
